2 0.8840008173877165 0.38998604093984296 0.8835672845767238 0.394989009578697 0.7907912630243189 0.3482946356160598 0.7712822865296544 0.3437085810304437 0.7526403756569748 0.3437085810304437 0.740067924138191 0.34746080750958414 0.7292296038633775 0.35454834641462724 0.7192583492105488 0.3653881117988109 0.7019170367708469 0.38498307230098905 0.6837086587091599 0.4158347122405886 0.6815409946541974 0.4308436181571506 0.6811074618432048 0.4421002975945721 0.6767721337332792 0.4441848678607612 0.6767721337332792 0.4208376808794426 0.6793733305992347 0.3820646739283242 0.6802403962212196 0.35246377614843816 0.6811074618432048 0.33036733132683305 0.6867433883861078 0.33078424538007084 0.682841593087175 0.40749643117583206 0.7075529633137501 0.36955725233118925 0.7244607429424593 0.35288069020167595 0.740067924138191 0.34245783887073017 0.7595769006328555 0.33787178428511394 0.7842882708594306 0.3412070967110166 0.8094331738969984 0.35162994804196246 0.851052323752283 0.37122490854414053
3 0.7517699023043904 0.0018851873215492345 0.7655522978403887 0.0021749356595630676 0.7349615066913496 0.058691452730923396 0.7121100891675034 0.11527027697117818 0.7010499711488617 0.42000385277296703 0.6997493727158841 0.44752018028666385 0.6832751258981673 0.5058881477399604 0.674170936867324 0.5042204915270091 0.6915122493070258 0.45294006297875566 0.7036206558252256 0.11420127884232757 0.7170471783351074 0.07751058291326861 0.725778384482039 0.05365079125126437 0.672286132794852 0.0019141452169505397 0.6825778423731965 0.0 0.7320663951625157 0.044235413706687515
3 0.6118844763011867 0.20125872618125498 0.5241685842639028 0.4079133452290698 0.5319721748617685 0.4079133452290698 0.6216089495243018 0.20387993888623535
0 0.8091726810174769 0.4632462396611606 0.792276024973632 0.47580224717131775 0.79842026353503 0.49057402071267914 0.7615548321666412 0.52085615647247 0.7815236074911851 0.5511382922322607 0.8322135756227199 0.4964827301292236
4 0.44589457607481187 0.29706378732084526 0.4359101884125399 0.3177442702787512 0.4220856516493941 0.3443334626532016 0.3952046079432773 0.35910523619456297 0.39904475704415104 0.37313842105885625 0.4220856516493941 0.37387700973592447 0.44051836733358857 0.3620595909028353 0.4528068444563848 0.3384247532366571 0.45511093391690915 0.3110969721851386
4 0.7285295498991262 0.2490555233114209 0.7131689534956309 0.25053270066555705 0.7131689534956309 0.28967790055016457 0.7431221164824467 0.30666544012273017 0.7454262059429712 0.28229201377948393
4 0.8014923828157292 0.3000181420291176 0.7976522337148553 0.3354703985283848 0.8199250984999238 0.3406405192678614 0.831445545802545 0.3243915683723638
3 0.0011540643428621592 0.13833373157448406 0.0011540643428621592 0.1449926828327987 0.2873620213726777 0.1621949735834449 0.55048869154525 0.17939726433409114 0.6174244234312553 0.18272673996324845 0.6116541017169445 0.19937411810903508 0.6185784877741174 0.20103885592361376 0.6243488094884282 0.18383656517296756 0.6993629917744684 0.188275866011844 0.6976318952601752 0.1810620021486698
2 0.6618559006314483 0.0027745630242977746 0.667049190174328 0.0027745630242977746 0.695900798745882 0.0787975898900568 0.6964778309173131 0.11708655962536609 0.69474673440302 0.15815009238497316 0.6872453161744158 0.32739843686713743 0.6826290588029673 0.32739843686713743 0.6907075092030024 0.11042760836705141 0.6907075092030024 0.08101724030949502 0.6774357692600875 0.043838095783904844
5 0.29255531091555737 0.00221965041943822 0.3087122117156276 0.02719071763811819 0.32717724120142216 0.018867028565224868 0.33929491680147483 0.010543339492331544 0.3467963350300789 0.0027745630242977746
5 0.42354161383041244 0.00221965041943822 0.4304659998875854 0.011098252097191098 0.4402755468019138 0.013872815121488873 0.45874057628770826 0.014427727726348432 0.4673960588591745 0.021086678984663088 0.4881692170306934 0.036069319315871075 0.500286892630746 0.04605774620334306 0.514712696916523 0.047167571413062166 0.5326006942308866 0.045502833598483505 0.542410241145215 0.048832309227640834 0.5545279167452676 0.05549126048595549 0.5672226245167513 0.05826582351025327 0.5787632679453728 0.0566010856956746 0.579917332288235 0.045502833598483505 0.5729929462310621 0.027745630242977746 0.5602982384595784 0.015537552936067537 0.5464494663452325 0.00443930083887644
4 0.5499116593738189 0.0027745630242977746 0.600690490459754 0.0033294756291573297 0.6203095842884107 0.06547968737342749 0.6099230052026512 0.07213863863174215 0.5949201687454431 0.06714442518800616 0.5839565574882526 0.05271669746165772 0.5758781070882175 0.024416154613820417 0.5602982384595784 0.013872815121488873
4 0.2931323430869885 0.008323689072893324 0.289670150058402 0.027745630242977746 0.2902471822298331 0.0504970470422195 0.289670150058402 0.07047390081716348 0.30409595434417896 0.06825425039772526 0.30409595434417896 0.03884388234016885
4 0.14310397851490778 0.11986112264966389 0.173686683600755 0.1292946369322763 0.15233649325780504 0.19144484867654646 0.12925520640056185 0.23528294446045128 0.13214036725771725 0.28300542847837307 0.14368101068633884 0.3085314083019126 0.1586838471435469 0.31130597132621035 0.1615690080007023 0.34016142677890715 0.16791636188644418 0.3706816200461827 0.16503120102928878 0.38177987214337383 0.15118242891494288 0.3851093477725312 0.14368101068633884 0.3590284553441321 0.13098630291485508 0.3468203780372219 0.12406191685768214 0.3373868637546094 0.11540643428621593 0.28411525368809215 0.10617391954331866 0.2513754100013784 0.12521598120054428 0.21086678984663088 0.12694707771483751 0.19199976128140603
1 0.1912388693001853 0.23180076628352492 0.5159465327994581 0.24137931034482757 0.4701288870296221 0.5842911877394636 0.20119922707623658 0.5977011494252874
