5 0.12846530141875245 0.0036630036630036626 0.14038476237513156 0.056776556776556776 0.1695212224907249 0.08058608058608058 0.20263083625844464 0.1336996336996337 0.21057714356269736 0.195970695970696 0.2264697581712028 0.2838827838827839 0.24236237277970826 0.3663003663003663 0.27414760199671917 0.42857142857142855 0.3284473685757795 0.45054945054945056 0.3946665961112189 0.4542124542124542 0.44499320903815287 0.42124542124542125 0.475454053704455 0.3937728937728938 0.5085636674721747 0.3717948717948718 0.5588902803991087 0.38827838827838834 0.6118656624274602 0.4194139194139194 0.6410021225430537 0.47252747252747246 0.6410021225430537 0.5402930402930403 0.6304070461373832 0.5970695970695971 0.6092168933260426 0.6465201465201466 0.594648663268246 0.6996336996336996 0.59179817296124 0.7239424869318107 0.5867023559639932 0.7673992673992674 0.5933242787175371 0.8223443223443223 0.6357045843402184 0.8846153846153846 0.6833824281657348 0.9285714285714286 0.7363578101940863 0.9523809523809522 0.788008807671729 0.9652014652014652 0.850254881555042 0.9743589743589743 0.8979327253805585 0.9816849816849816 0.90720341723552 0.9395604395604396 0.8634987270621299 0.9212454212454212 0.813172114135196 0.8956043956043956 0.77608934671535 0.8846153846153846 0.7231139646869984 0.8681318681318682 0.6608678908036854 0.8443223443223444 0.6277582770359657 0.8076923076923077 0.6184875851810041 0.7454212454212454 0.6343801997895095 0.6978021978021978 0.6595435062529765 0.6465201465201466 0.6833824281657348 0.5531135531135531 0.6833824281657348 0.489010989010989 0.6661654290065205 0.43040293040293043 0.6264338924852568 0.3717948717948718 0.5986218169203723 0.34798534798534797 0.5549171267469822 0.3278388278388278 0.5125368211243011 0.3223443223443223 0.46883213095091103 0.31684981684981683 0.4396956708353177 0.32417582417582413 0.40128851886476286 0.3424908424908425 0.37612521240129587 0.35714285714285715 0.34301559863357617 0.37545787545787546 0.3059328312137301 0.38095238095238093 0.2900402166052246 0.3351648351648351 0.26885006379388404 0.2692307692307692 0.2622281410403401 0.1813186813186813 0.23044291182332916 0.07509157509157509 0.19865768260631825 0.0018315018315018313
0 0.7164920419334545 0.07142857142857142 0.668814198107938 0.09340659340659341 0.6555703526008502 0.15934065934065933 0.7297358874405423 0.15934065934065933 0.813172114135196 0.16117216117216115 0.825091575091575 0.0695970695970696 0.7548991939040093 0.05311355311355311
0 0.7535748093533006 0.7032967032967034 0.7721161930632234 0.7747252747252747 0.7562235784547181 0.7802197802197803 0.7270871183391248 0.7014652014652014 0.7244383492377072 0.7216117216117216 0.7403309638462126 0.7802197802197803 0.745628502049048 0.8076923076923077 0.7244383492377072 0.8168498168498168 0.7297358874405423 0.8296703296703298 0.7721161930632234 0.8388278388278388 0.8264159596422839 0.8186813186813187 0.8171452677873223 0.7747252747252747 0.7866844231210203 0.7307692307692306 0.7721161930632234 0.7124542124542124
0 0.6767605054121908 0.3296703296703296 0.7244383492377072 0.43040293040293043 0.7654942703096796 0.4084249084249084 0.7827112694688939 0.3772893772893773 0.7906575767731466 0.3296703296703296 0.7668186548603884 0.31868131868131866
0 0.7231139646869984 0.22527472527472528 0.6992750427742402 0.2765567765567766 0.6992750427742402 0.30952380952380953 0.7774137312660588 0.3058608058608059 0.7919819613238553 0.23992673992673993 0.7919819613238553 0.21062271062271062
0 0.8767425725692177 0.06776556776556776 0.8754181880185089 0.1446886446886447 0.9363398773511133 0.1446886446886447 0.9283935700468606 0.0695970695970696
0 0.3006352930108949 0.05311355311355311 0.2900402166052246 0.07326007326007326 0.2701744483445928 0.07692307692307693 0.2714988328953016 0.09340659340659341 0.3046084466630213 0.08058608058608058 0.3046084466630213 0.14102564102564102 0.3483131368364113 0.14835164835164835 0.3589082132420816 0.12087912087912088 0.37877398150271346 0.11538461538461538 0.38936905790838383 0.05128205128205128
3 0.4781028228058726 0.49633699633699635 0.5721341259061965 0.5384615384615384 0.5774316641090317 0.5567765567765568 0.5840535868625756 0.6172161172161172 0.5853779714132844 0.6593406593406592 0.5787560486597405 0.6978021978021978 0.5761072795583229 0.7435897435897436 0.5655122031526526 0.7802197802197803 0.5522683576455647 0.8406593406593408 0.5959730478189548 0.8717948717948718 0.6343801997895095 0.9139194139194139 0.7058969655277842 0.9578754578754579 0.7297358874405423 0.9725274725274725 0.745628502049048 0.978021978021978 0.7337090410926685 0.9542124542124543 0.5668365877033614 0.8333333333333335 0.5893467781672269 0.7146355999594662 0.5972974323696635 0.6135531135531136 0.5853779714132844 0.5256410256410257 0.47942720735658134 0.47435897435897423
4 0.17879191434568642 0.4816849816849817 0.16554806883859854 0.4981684981684982 0.17349437614285126 0.5402930402930403 0.16157491518647216 0.5421245421245421 0.14700668512867548 0.5183150183150184 0.08740938034678003 0.5695970695970696 0.14833106967938428 0.6483516483516483 0.1589261460850546 0.6868131868131868 0.17879191434568642 0.7032967032967034 0.17349437614285126 0.7307692307692306 0.17614314524426886 0.7417582417582418 0.23971360367829067 0.7307692307692306 0.27414760199671917 0.7087912087912087 0.27414760199671917 0.6831501831501832 0.24633552643183465 0.6978021978021978 0.22779414272191156 0.6794871794871795 0.24765991098254342 0.6373626373626373 0.22779414272191156 0.6263736263736264 0.23838921912758193 0.5842490842490843 0.21587468176553248 0.5824175824175825 0.23706483457687313 0.5494505494505495 0.20130645170773578 0.532967032967033 0.2145502972148237 0.489010989010989
0 0.2847426784023895 0.8278388278388278 0.25295744918537855 0.86996336996337 0.20130645170773578 0.9010989010989011 0.18276506799781278 0.9322344322344323 0.31123036941656523 0.9304029304029303 0.29666213935876856 0.8608058608058609 0.29401337025735097 0.8461538461538461
4 0.7032481964263666 0.6483516483516483 0.7443041174983391 0.6776556776556777 0.7615211166575533 0.673992673992674 0.7853600385703114 0.6978021978021978 0.8012526531788169 0.7197802197802197 0.8184696523380312 0.7216117216117216 0.8436329588014982 0.7710622710622711 0.8701206498156739 0.7875457875457876 0.8952839562791409 0.793040293040293 0.8780669571199265 0.7692307692307694 0.8767425725692177 0.7454212454212454 0.8873376489748881 0.7307692307692306 0.9045546481341024 0.7307692307692306 0.9151497245397728 0.706959706959707 0.9376642619018221 0.706959706959707 0.9522324919596188 0.6538461538461539 0.9310423391482782 0.6446886446886446 0.962827568365289 0.6282051282051282 0.9866664902780474 0.6538461538461539 0.9787201829737946 0.684981684981685 0.9972615666837176 0.7197802197802197 0.9999103357851351 0.7545787545787546 0.9787201829737946 0.7454212454212454 0.9866664902780474 0.7948717948717949 0.9826933366259208 0.8168498168498168 0.9641519529159979 0.793040293040293 0.9429618001046571 0.772893772893773 0.9310423391482782 0.73992673992674 0.9177984936411903 0.727106227106227 0.9164741090904814 0.7619047619047619 0.9032302635833936 0.782051282051282 0.900581494481976 0.8113553113553114 0.9045546481341024 0.8406593406593408 0.9376642619018221 0.8772893772893773 0.8899864180763057 0.8351648351648352 0.8820401107720531 0.8040293040293041 0.8621743425114212 0.8021978021978022 0.8542280352071684 0.8296703296703298 0.8356866514972454 0.815018315018315 0.8025770377295257 0.7326007326007326 0.7509260402518829 0.6831501831501832 0.7601967321068445 0.7655677655677655 0.7231139646869984 0.6794871794871795 0.7058969655277842 0.7014652014652014 0.739006579295504 0.7857142857142857 0.7178164264841632 0.8058608058608059 0.6727873517600645 0.7307692307692306
