5 0.7834606799450551 0.2838827838827838 0.752518315018315 0.3021978021978022 0.7364282852564102 0.34798534798534797 0.7364282852564102 0.3937728937728938 0.6918712797619048 0.44505494505494503 0.6720681662087913 0.5421245421245421 0.6918712797619048 0.5860805860805861 0.7290021176739927 0.5494505494505495 0.7413790636446886 0.5091575091575091 0.7599444826007327 0.47802197802197804 0.7760345123626373 0.4835164835164835 0.7896491529304029 0.532967032967033 0.8255422962454213 0.5659340659340659 0.8738123855311356 0.608058608058608 0.9047547504578755 0.6098901098901099 0.9047547504578755 0.5091575091575091 0.8738123855311356 0.48717948717948717 0.866386217948718 0.4413919413919414 0.8527715773809524 0.44871794871794873 0.8304930746336997 0.3772893772893773 0.8094522664835165 0.358974358974359
4 0.6089457417582418 0.20512820512820512 0.6027572687728938 0.2619047619047619 0.5606756524725275 0.315018315018315 0.5408725389194139 0.43040293040293043 0.5185940361721612 0.4523809523809524 0.4938401442307693 0.4743589743589743 0.5124055631868132 0.5128205128205128 0.5383971497252747 0.489010989010989 0.5742902930402931 0.4908424908424908 0.592855711996337 0.5054945054945055 0.6460765796703298 0.5439560439560439 0.6683550824175825 0.5439560439560439 0.6832074175824177 0.4432234432234432 0.7302398122710624 0.3937728937728938 0.7351905906593408 0.3351648351648351 0.7413790636446886 0.2967032967032967 0.7116743933150184 0.2838827838827839 0.6906335851648352 0.2619047619047619 0.6621666094322345 0.23992673992673993 0.6460765796703298 0.20512820512820512
0 0.34655448717948717 0.4597069597069597 0.30571056547619047 0.521978021978022 0.30818595467032966 0.5476190476190477 0.3143744276556777 0.5677655677655677 0.31561212225274726 0.5934065934065934 0.33170215201465203 0.6208791208791209 0.33046445741758246 0.6611721611721612 0.3935868818681319 0.727106227106227 0.39729996565934067 0.73992673992674 0.45794700091575097 0.7454212454212454 0.45547161172161166 0.6813186813186813 0.44433236034798534 0.6703296703296702 0.45670930631868134 0.5805860805860806 0.4381438873626374 0.5531135531135531 0.4666108630952381 0.5421245421245421 0.5012663118131868 0.5622710622710623 0.5049793956043956 0.5164835164835165 0.4591846955128205 0.48717948717948717 0.4171030792124542 0.48534798534798534 0.3861607142857143 0.47985347985347987
3 0.28095667353479853 0.7527472527472527 0.9047547504578755 0.8113553113553114 0.9059924450549451 0.7783882783882784 0.27724358974358976 0.727106227106227
3 0.0024753891941391945 0.989010989010989 0.013614640567765568 0.967032967032967 0.04827008928571429 0.9413919413919413 0.06559781364468864 0.9029304029304029 0.09777787316849818 0.8827838827838828 0.1250071543040293 0.8608058608058609 0.19060496794871795 0.76007326007326 0.21164577609890112 0.7527472527472527 0.20793269230769235 0.7216117216117216 0.18070341117216115 0.7380952380952381 0.11015481913919414 0.8424908424908425 0.06559781364468864 0.8754578754578755 0.03960622710622711 0.923076923076923 0.0024753891941391945 0.9523809523809522
5 0.0037130837912087915 0.8846153846153846 0.03836853250915751 0.8424908424908425 0.04579470009157509 0.8040293040293041 0.06931089743589744 0.7710622710622711 0.11634329212454214 0.6373626373626373 0.10767942994505494 0.6135531135531136 0.060647035256410256 0.5366300366300366 0.05569625686813187 0.44505494505494503 0.027229281135531136 0.4010989010989011 0.0 0.38095238095238093 0.0 0.4267399267399267 0.02846697573260073 0.44505494505494503 0.03341775412087912 0.47802197802197804 0.03341775412087912 0.5073260073260073 0.03341775412087912 0.554945054945055 0.09158940018315018 0.6391941391941391 0.0024753891941391945 0.8443223443223444
0 0.10520404075091577 0.9908424908424908 0.10149095695970695 0.9798534798534798 0.13119562728937728 0.9615384615384616 0.14728565705128205 0.978021978021978 0.15718721382783885 0.9743589743589743 0.15718721382783885 0.8974358974358975 0.2958090086996337 0.8406593406593408 0.4059638278388278 0.9981684981684981
3 0.6671173878205129 0.0018315018315018313 0.7673706501831502 0.14652014652014653 0.8045014880952381 0.2564102564102564 0.9047547504578755 0.3864468864468865 0.9059924450549451 0.3608058608058608 0.8181161286630036 0.2454212454212454 0.7846983745421245 0.13736263736263737 0.6906335851648352 0.0
4 0.5903803228021979 0.005494505494505495 0.6039949633699634 0.020146520146520144 0.6163719093406593 0.023809523809523808 0.6275111607142857 0.08608058608058608 0.7141497825091575 0.17032967032967034 0.725289033882784 0.19780219780219782 0.7636575663919413 0.23260073260073258 0.7611821771978022 0.26556776556776557 0.7760345123626373 0.25274725274725274 0.7698460393772895 0.20146520146520147 0.746329842032967 0.15018315018315018 0.7215759500915752 0.10805860805860806 0.688158195970696 0.0586080586080586 0.6547404418498168 0.04212454212454213 0.6374127174908425 0.016483516483516484 0.6138965201465202 -0.0018315018315018313
1 0.26239125457875456 0.3791208791208791 0.18194110576923075 0.3864468864468865 0.1856541895604396 0.4010989010989011 0.16832646520146521 0.44505494505494503 0.13985948946886448 0.4468864468864469 0.11386790293040291 0.46336996336996333 0.06807320283882784 0.4816849816849817 0.08787631639194139 0.5512820512820513 0.12253176510989011 0.6062271062271062 0.1274825434981685 0.6465201465201466 0.10149095695970695 0.7142857142857143 0.14481026785714288 0.7747252747252747 0.1708018543956044 0.727106227106227 0.17327724358974358 0.7014652014652014 0.2066949977106227 0.6959706959706959 0.2165965544871795 0.6684981684981685 0.273530505952381 0.6648351648351648 0.27476820054945056 0.5842490842490843 0.30571056547619047 0.5036630036630036 0.2995220924908425 0.3791208791208791
1 0.18317880036630035 0.005494505494505495 0.15223643543956045 0.02564102564102564 0.12129407051282051 0.01282051282051282 0.09654017857142858 0.0293040293040293 0.10396634615384617 0.049450549450549455 0.10891712454212454 0.10989010989010989 0.172039548992674 0.10989010989010989 0.17327724358974358 0.13186813186813187 0.2883828411172161 0.13736263736263737 0.414627690018315 0.17216117216117216 0.4344308035714286 0.0036630036630036626
1 0.14852335164835165 0.15567765567765568 0.15099874084249085 0.2087912087912088 0.2141211652930403 0.195970695970696 0.2562027815934066 0.25274725274725274 0.26486664377289376 0.3058608058608059 0.26239125457875456 0.3663003663003663 0.30571056547619047 0.36996336996337 0.3143744276556777 0.4597069597069597 0.5086924793956045 0.4340659340659341 0.4789878090659341 0.37545787545787546 0.5136432577838828 0.2948717948717949 0.5421102335164836 0.2619047619047619 0.528495592948718 0.21978021978021978 0.4802255036630037 0.21794871794871795 0.4344308035714286 0.21978021978021978 0.414627690018315 0.1813186813186813 0.2933336195054945 0.15018315018315018
