3 0.01961151053843319 0.5262701681520227 0.29765211962363924 0.518126091980585 0.4940835396940749 0.5115481843036546 0.7502984354381214 0.5037173418311183 0.9130134613214658 0.4990188363475965 0.9576138320620962 0.4990188363475965 0.9819700628920855 0.5030908744333153 0.9819700628920855 0.5081026136157385 0.9395838949541817 0.5040305755300196 0.9392675802680779 0.5115481843036545 0.9813374335198781 0.5253304670553184 0.9803884894615671 0.5322216084311503 0.9316760278015876 0.5168731571849792 0.9332576012321064 0.5052835103256255 0.9041566501105605 0.5040305755300196 0.9300944543710689 0.5102952495080487 0.9288291956266538 0.5165599234860777 0.8829635661416084 0.504970276626724 0.8203332582930638 0.5074761462179356 0.7086741740984359 0.5109217169058515 0.47017290077620016 0.5178128582816836 0.20307402847861467 0.5265834018509242 0.01961151053843319 0.5331613095278547
3 0.49402557396524055 0.7986608111917927 0.4981304705132709 0.7986608111917927 0.49445766833871735 0.8228363510974439 0.4942416211519789 0.8508628619615176 0.49488976271219426 0.8696898310915825 0.4983465177000094 0.9090553119998994 0.4979144233265325 0.9428582793016065 0.49726628176631715 0.9811730308699353 0.4925132436580713 0.9811730308699353 0.49337743240502513 0.9407378358065008 0.49337743240502513 0.9148507532526619 0.49208114928459445 0.8917449275021276 0.4892725358569947 0.8444635618459426 0.4905688189774253 0.8247808213917841
0 0.9801323093604384 0.8264636944802847 0.950585487383654 0.8405887426039824 0.9353026484301451 0.8446244706393248 0.9133972459301154 0.8562271887409336 0.9001521188370741 0.8748924309043913 0.889454131569618 0.891539809050178 0.8624544494184185 0.9011246631341155 0.8415679028486229 0.9157541772622312 0.8273039198253477 0.9293747593815113 0.8176247884881253 0.9419864094919558 0.823228496104412 0.9677141757172624 0.8273039198253477 0.9793168938188712 0.9796228813953214 0.9818392238409601
0 0.3678126656735771 0.7670016858785602 0.3909684822698029 0.752826608068474 0.40107283860270143 0.7736723107303657 0.37707499231206737 0.7915996150195924 0.36865469536798523 0.7811767636886465 0.3737068735344346 0.7774245372095061
0 0.35855033903508676 0.7336485616195337 0.3471829381605758 0.7403191864713391 0.355603235104658 0.7511589518555226 0.4048619722275384 0.7140536011173556 0.39307355650582354 0.6990446952007937 0.3867583337977618 0.7069660622123124 0.3897054377281906 0.7153043432770692 0.36360251720153597 0.7369838740454362
0 0.43770113030945873 0.6577702039302481 0.4124402394772123 0.6636070006755778 0.41665038794925346 0.6715283676870967 0.4494895460311737 0.6652746568885292 0.4490685311839695 0.6598547741964373 0.44149026393429563 0.6636070006755778
0 0.4225445958101109 0.6269185639906485 0.41412429886602875 0.6273354780438863 0.419176477032478 0.6444289542266375 0.43012286305978475 0.6406767277474971
0 0.40149385344990557 0.5714689949100169 0.41286125432441645 0.5685505965373521 0.4221235809629068 0.6039882910625678 0.4044409573803343 0.6102420018611353
0 0.7947217207385406 0.5281099333732824 0.6886259792431059 0.5297775895862337 0.6713643705077377 0.5731366511229682 0.6781006080630033 0.6106589159143732 0.7025194692008415 0.6081574315949462 0.7058875879784743 0.5664660262711629 0.7707238744479067 0.5647983700582115 0.7783021416975805 0.5468710657689848 0.7921956316553161 0.5443695814495577
0 0.6191585294544285 0.5531247765675522 0.6355781084953885 0.5535416906207901 0.6355781084953885 0.5752212213891573 0.6465244945226952 0.5760550494956331 0.6423143460506543 0.643178212066924 0.5922135792333657 0.6540179774511077 0.5863193713725081 0.5714689949100169 0.6162114255239998 0.5714689949100169
0 0.585898356525304 0.5393666128107037 0.6031599652606724 0.5397835268639416 0.6023179355662642 0.5597954014193576 0.5863193713725081 0.5581277452064063
0 0.2057219494999962 0.446811692991905 0.20151180102795516 0.45264848973723465 0.21161615736085373 0.4697419659199858 0.2229835582353646 0.4814155594106451 0.23140385517944673 0.47682950482502895 0.21035311281924138 0.4484793492048563
0 0.22635167701299744 0.4893369264221639 0.21498427613848656 0.4972582934336828 0.23182487002665078 0.5151855977229095 0.2368770481931001 0.5118502852970068 0.23729806304030418 0.5047627463919637 0.24824444906761095 0.503928918285488 0.24656038967879454 0.4939229810077801 0.2368770481931001 0.49517372316749353
0 0.31560682462026796 0.46557282538760747 0.28066259230232715 0.48308321562359635 0.2869778150103887 0.5035120042322502 0.34213075999412657 0.5001766918063475 0.33960467091090196 0.4885030983156882 0.32360610671714596 0.48641852804949903
0 0.6002128613302437 0.45306540379047244 0.5947396683165903 0.45264848973723465 0.5960027128582026 0.47808024698474244 0.589687490150141 0.4839170437300721 0.5913715495389575 0.49225532479482864 0.6111592473575505 0.4914214966883531 0.6069490988855094 0.45306540379047244
0 0.23182487002665078 0.5443695814495578 0.3501300420910047 0.5422850111833687 0.3501300420910047 0.5556262608869793 0.30592348313457346 0.5698013386970656 0.30592348313457346 0.5781396197618223 0.30045029012092006 0.578973447868298 0.2907669486352257 0.5610461435790711 0.25077053815083555 0.5877286429862925
1 0.02283281269735774 0.036373276579571165 0.6472606034207498 0.03637327657957116 0.6482533344075914 0.0776618608050303 0.980818214999541 0.07667879927585271 0.980818214999541 0.4934968876471546 0.5599002765786854 0.42763176519225543 0.24818274671041018 0.463021980242649 0.1935825424341199 0.438445442013209 0.25413913263146 0.6016336558566905 0.35738315526299064 0.607532025031756 0.3375285355261578 0.7451606391166199 0.38120869894719 0.816167494043789 0.39212873980244806 0.8663036320318466 0.33355761157879127 0.8928462933196415 0.2710155594077679 0.9764065232997374 0.019854619736832814 0.9773895848289151 0.019854619736832814 0.5458255735199492
5 0.28048394206879396 0.9783584084104774 0.30065728948742587 0.963930680684129 0.31242507548162785 0.9478382151432018 0.32251174919094383 0.9356301378362918 0.32979656909211646 0.9173180218759264 0.3454869504177191 0.8984509933107016 0.36566029783635107 0.8845781781892126 0.3880751283014977 0.8723701008823025 0.4205766324759603 0.847953946268482 0.4379481260864489 0.8340811311469932 0.45531961969693746 0.8229828790498019 0.46540629340625345 0.8030060252748581 0.4816570454934847 0.7913528605728074 0.497907797580716 0.7841389967096332 0.5225641110923773 0.7796996958707568 0.5432978292726379 0.7791447832658973 0.5533845029819539 0.78802338494365 0.5724371088773285 0.8035609378797176 0.5875671194413025 0.8213181412352235 0.5942915685808464 0.8346360437518527 0.6066197253366771 0.8424048202198864 0.6200686236157651 0.8512834218976394 0.6436041956041688 0.867930800043426 0.6665793968309444 0.8834683529794936 0.6929168226274914 0.8956764302864038 0.7108486869996088 0.9017804689398587 0.7270994390868402 0.8995608185204206 0.7427898204124426 0.8873527412135105 0.7579198309764166 0.8718151882774429 0.7724894707787621 0.857942373155954 0.784257256772964 0.8546128975267968 0.8016287503834527 0.8551678101316562 0.8285265469416285 0.8546128975267968 0.8458980405521171 0.8485088588733416 0.8615884218777198 0.8224279664449425 0.8694336125405212 0.8052256756942964 0.8840032523428664 0.7891332101533692 0.8963314090986969 0.7874684723387905 0.9097803073777851 0.7991216370408413 0.9321951378429315 0.8146591899769088 0.9523684852615637 0.8207632286303638 0.9731022034418243 0.8063355009040154 0.9803870233429969 0.7980118118311222 0.9798266525813681 0.8168788403963471 0.9613344174476223 0.8274221798886785 0.9377988454592183 0.8346360437518527 0.9254706887033877 0.8296418303081168 0.9120217904242996 0.8146591899769088 0.9008143751917264 0.8068904135088749 0.8879258476742671 0.8030060252748581 0.8789599154882084 0.8096649765331727 0.8755976909184365 0.8179886656060661 0.8649506464474918 0.8318614807275551 0.8492602651218892 0.852948159712218 0.8402943329358306 0.857942373155954 0.8089135702846252 0.8623816739948305 0.7864987398194788 0.8640464118094091 0.765765021639218 0.8695955378580047 0.7573594602147881 0.8823585277697744 0.7343842589880129 0.9073295949884544 0.7147712823310094 0.9134336336419095 0.6878734857728336 0.9101041580127522 0.6548116108367423 0.88790765381837 0.6228704774239084 0.866820974833707 0.6083008376215632 0.8518383345024989 0.5886878609645598 0.8412949950101674 0.5797219287785011 0.8346360437518527 0.5735578504005859 0.8196534034206447 0.5623504351680126 0.8096649765331727 0.5489015368889246 0.7963470740165434 0.5287281894702927 0.785803734524212 0.5018303929121166 0.7874684723387905 0.48333815777837075 0.8002314622505602 0.46484592264462476 0.8213181412352235 0.4452329459876216 0.8401851698004483 0.42337848628410346 0.8601620235753923 0.4037655096271003 0.8756995765114598 0.38191104992358244 0.8862429160037913 0.3600565902200644 0.8990059059155611 0.3438058381328331 0.9134336336419095 0.33147768137700256 0.9334104874168535 0.31690804157465713 0.9550520790063761 0.29561395263276796 0.980023146225056
1 0.30906285091185587 0.9739191075716009 0.4883814946330287 0.8179886656060661 0.5724371088773286 0.8357458689615718 0.6794679243484036 0.9134336336419095 0.7276598098484689 0.917872934480786 0.7736102123020193 0.877919226930898 0.8369321083660587 0.866820974833707 0.9052973412847557 0.8512834218976394 0.8884862184358958 0.8823585277697744 0.8251643223718564 0.9223122353196623 0.8173191317090552 0.9744740201764605
1 0.9770680636833573 0.5376434881553895 0.8368476087425395 0.5125314731350753 0.6772349632248003 0.6447388463302594 0.5847491312425589 0.6587720311945526 0.5347769478327994 0.5531538503738189 0.43557843449700817 0.5583239711132955 0.3975399068268927 0.8205229514724596 0.5280642664792496 0.7658673893694224 0.6533676517455124 0.8537594419405226 0.732428121020654 0.8737013362213605 0.7853837183653246 0.8330789589826166 0.8383393157099951 0.8345561363367529 0.878615403831294 0.7843321062961244 0.9800514776182684 0.7185977140370662
