3 0.5404739293628182 0.027472527472527472 0.9970605526161082 0.7619047619047619 0.9994573327906661 0.7289377289377289 0.5620449509338398 0.020146520146520144
2 0.7418034640256862 0.9945054945054946 0.9970605526161082 0.6007326007326007 1.0006557228779451 0.6318681318681318 0.7729616062949396 0.9963369963369964
4 0.3211685433907656 0.5622710622710623 0.2864152308596753 0.554945054945055 0.27203454981232755 0.5347985347985348 0.27922489033600145 0.49633699633699635 0.28761362094695425 0.4615384615384615 0.28521684077239634 0.4230769230769231 0.26843937955049063 0.40476190476190477 0.24327318771763212 0.3663003663003663 0.22290055623388955 0.3443223443223443 0.2145118256229367 0.31868131868131866 0.23728123728123726 0.3058608058608059 0.250463528241306 0.2857142857142857 0.22769411658300545 0.24725274725274726 0.18215529326640437 0.21245421245421245 0.13302129968796636 0.17582417582417584 0.2612490390268168 0.027472527472527472 0.18095690317912538 0.018315018315018316 0.07310179532401755 0.14652014652014653 0.10425993759327092 0.16666666666666663 0.13781486003708227 0.21062271062271062 0.14260842038619817 0.25457875457875456 0.17616334283000948 0.2893772893772894 0.13661646994980328 0.30952380952380953 0.1354180798625243 0.3424908424908425 0.16298105186994075 0.3791208791208791 0.18095690317912538 0.40293040293040294 0.21331343553565774 0.43223443223443225 0.22290055623388955 0.4523809523809524 0.18335368335368338 0.5293040293040293 0.1953375842264731 0.5476190476190477 0.2312892868448424 0.5567765567765568
4 0.2864152308596753 0.0347985347985348 0.24806674806674806 0.09157509157509157 0.2564554786777009 0.1282051282051282 0.28162167051055936 0.13003663003663005 0.30678786234341787 0.19780219780219782 0.3583186360964138 0.18864468864468864 0.32955727400171836 0.11538461538461538 0.3571202460091349 0.0347985347985348
4 0.2468683579794691 0.6794871794871795 0.26843937955049063 0.7051282051282051 0.2924071812960702 0.7142857142857143 0.3079862524306969 0.7307692307692306 0.32955727400171836 0.7582417582417582 0.34633473522362407 0.7637362637362637 0.39906389906389905 0.7582417582417582 0.3631121964455298 0.7380952380952381 0.34633473522362407 0.7124542124542124 0.3259621037398815 0.6813186813186813 0.2960023515579071 0.6575091575091575 0.23967801745579526 0.6666666666666665
5 0.16178266178266176 0.9395604395604396 0.18095690317912538 0.9487179487179486 0.2049247049247049 0.9505494505494505 0.21930538597205262 0.9615384615384616 0.2408764075430742 0.9761904761904762 0.2456699678921901 0.9487179487179486 0.2312892868448424 0.9194139194139194 0.21211504544837878 0.9065934065934066 0.18814724370279926 0.9065934065934066 0.17136978248089357 0.9102564102564102 0.15938588160810382 0.9212454212454212
5 0.3595170261836928 0.8553113553113554 0.36431058653280873 0.8846153846153846 0.37389770723104054 0.8992673992673993 0.38947677836566724 0.8992673992673993 0.402659069325736 0.8882783882783882 0.39307194862750416 0.8626373626373627 0.3810880477547144 0.8443223443223444 0.36550897662008774 0.8406593406593408
5 0.011983900872789761 0.31868131868131866 0.028761362094695427 0.3351648351648351 0.04913399357843802 0.36813186813186816 0.05272916384027495 0.40293040293040294 0.06591145480034369 0.4597069597069597 0.0802921358476914 0.5146520146520146 0.09706959706959709 0.5439560439560439 0.11744222855333966 0.5659340659340659 0.1450052005607561 0.5915750915750916 0.17017139239361462 0.5402930402930403 0.14380681047347713 0.5 0.1198390087278976 0.4358974358974359 0.10665671776782887 0.35714285714285715 0.08508569619680731 0.3076923076923077 0.05272916384027495 0.2619047619047619 0.013182290960068737 0.23260073260073258
5 0.605186994075883 0.9945054945054946 0.5812191923303034 0.9725274725274725 0.5656401211956767 0.9267399267399267 0.5584497806720029 0.9065934065934066 0.5332835888391444 0.8846153846153846 0.5045222267444489 0.8553113553113554 0.452991452991453 0.7985347985347986 0.4098494098494098 0.7582417582417582 0.43741238185682635 0.7124542124542124 0.4829512051734274 0.7509157509157509 0.4901415456971012 0.7673992673992674 0.5141093474426808 0.8040293040293041 0.5404739293628182 0.8333333333333335 0.5728304617193506 0.8534798534798534 0.5884095328539772 0.8827838827838828 0.5979966535522091 0.9139194139194139 0.6231628453850676 0.9505494505494505 0.6555193777416 0.9963369963369964
5 0.15698910143354586 0.5989010989010989 0.1905440238773572 0.608058608058608 0.2288925066702844 0.608058608058608 0.2588522588522588 0.6208791208791209 0.2864152308596753 0.6355311355311355 0.3055894722561389 0.6446886446886446 0.32955727400171836 0.6575091575091575 0.34633473522362407 0.6794871794871795 0.36670736670736676 0.7124542124542124 0.40505584950029394 0.7490842490842491 0.4302220413331524 0.7032967032967034 0.41104779993668883 0.6776556776556777 0.3822864378419934 0.6355311355311355 0.36431058653280873 0.6190476190476191 0.33435083435083435 0.5879120879120879 0.3103830326052548 0.5787545787545788 0.26963776963776964 0.5769230769230769 0.2312892868448424 0.5695970695970696 0.20971826527382081 0.5622710622710623 0.17616334283000948 0.5439560439560439
