1 0.0744858702439221 0.42857142857142855 0.060628033919471476 0.4523809523809524 0.06755695208169679 0.47802197802197804 0.08141478840614741 0.510989010989011 0.10739823151449233 0.554945054945055 0.12818498600116826 0.5787545787545788 0.1489717404878442 0.6117216117216118 0.16109734727173847 0.641025641025641 0.17841964267730176 0.6465201465201466 0.20440308578564667 0.6483516483516483 0.2442443652184422 0.6556776556776556 0.27022780832678717 0.6355311355311355 0.27196003786734346 0.5934065934065934 0.28408564465123776 0.5714285714285714 0.28928233327290676 0.5439560439560439 0.3031401695973574 0.5439560439560439 0.3031401695973574 0.5146520146520146 0.2736922674078998 0.48534798534798534 0.2425121356778859 0.44871794871794873 0.1922774790017524 0.42124542124542125 0.14550728140673155 0.40476190476190477 0.1125949201361613 0.4010989010989011
1 0.8418635567103753 0.9945054945054946 0.7864322114125728 0.9725274725274725 0.7223397184119889 0.9102564102564102 0.6703728321952989 0.9102564102564102 0.6894273571414185 0.6575091575091575 0.8072189658992488 0.6758241758241759 0.8280057203859247 0.7087912087912087 0.860918081656495 0.6978021978021978 0.881704836143171 0.6721611721611722 0.925010574657079 0.6373626373626373 0.9683163131709872 0.6208791208791209 0.9977642153604449 0.6208791208791209 0.9960319858198885 0.6483516483516483 0.956190706387093 0.6831501831501832 0.9960319858198885 0.7014652014652014 0.9960319858198885 0.7252747252747253 0.9648518540898746 0.793040293040293 0.9665840836304309 0.8479853479853481 0.9752452313332127 0.8717948717948718 0.9873708381171069 0.891941391941392 0.9960319858198885 0.8974358974358975 0.9925675267387759 0.9945054945054946
1 0.7933611295747983 0.4267399267399267 0.7985578181964671 0.46520146520146516 0.8228090317642558 0.47985347985347987 0.8643825407376076 0.4688644688644688 0.881704836143171 0.4926739926739927 0.9024915906298469 0.5054945054945055 0.940600640522086 0.45054945054945056 0.956190706387093 0.43772893772893773 0.9752452313332127 0.4010989010989011 0.9752452313332127 0.3516483516483517 0.9752452313332127 0.29120879120879123 0.9683163131709872 0.2509157509157509 0.9128849678731847 0.2509157509157509 0.8765081475215019 0.29853479853479853 0.871311458899833 0.3296703296703296 0.8470602453320444 0.3516483516483517 0.8141478840614741 0.38278388278388276 0.7898966704936855 0.39743589743589747
1 -0.0017322295405563278 0.7673992673992674 0.005196688621668983 0.7857142857142857 0.019054524946119606 0.8095238095238095 0.04677019759502085 0.8333333333333335 0.06582472254114045 0.8663003663003663 0.0935403951900417 0.8736263736263736 0.12991721554172458 0.8626373626373627 0.15416842910951317 0.8443223443223444 0.14723951094728788 0.8168498168498168 0.21306423348842832 0.8021978021978022 0.2251898402723226 0.7527472527472527 0.2234576107317663 0.7124542124542124 0.20613531532620302 0.6868131868131868 0.16282957681229482 0.6611721611721612 0.11605937921727398 0.6391941391941391 0.06755695208169679 0.6391941391941391 0.029447902189457573 0.6556776556776556 0.006928918162225311 0.6868131868131868 0.0034644590811126557 0.7234432234432233
1 0.2373154470562169 0.7545787545787546 0.2632988901645618 0.8040293040293041 0.3031401695973574 0.8333333333333335 0.3724293512196105 0.8406593406593408 0.3932161057062864 0.8040293040293041 0.422664007895744 0.783882783882784 0.4399863033013073 0.7454212454212454 0.44864745100408887 0.7124542124542124 0.4555763691663142 0.6703296703296702 0.4555763691663142 0.63003663003663 0.4157350897335187 0.6062271062271062 0.35857151489515987 0.6172161172161172 0.34298144903015293 0.6721611721611722 0.3048723991379137 0.7087912087912087
1 0.1541684291095132 0.2857142857142857 0.19574193808286505 0.34615384615384615 0.23211875843454796 0.3424908424908425 0.25463774246178017 0.35714285714285715 0.2788889560295688 0.3516483516483517 0.2996757105162447 0.3663003663003663 0.33085584224625864 0.3717948717948718 0.3655004330573852 0.3663003663003663 0.3655004330573852 0.32417582417582413 0.40707394203073705 0.28205128205128205 0.4157350897335187 0.25274725274725274 0.4036094829496244 0.21062271062271062 0.3793582693818358 0.2087912087912088 0.3499103671923783 0.1813186813186813 0.33085584224625864 0.195970695970696 0.29621125143513205 0.19230769230769235 0.27196003786734346 0.17765567765567766 0.23385098797510426 0.1794871794871795 0.211332003947872 0.21062271062271062 0.1922774790017524 0.2490842490842491
0 0.3655004330573852 0.16666666666666663 0.3793582693818358 0.19780219780219782 0.4105384011118497 0.2087912087912088 0.4243962374363004 0.2509157509157509 0.42093177835518764 0.29120879120879123 0.52833000986968 0.29120879120879123 0.5543134529780249 0.23809523809523805 0.5456523052752433 0.19047619047619047 0.5214010917074547 0.13186813186813187 0.49541764859910975 0.11538461538461538 0.40014502386851175 0.1172161172161172
5 0.23211875843454796 0.3937728937728938 0.23211875843454796 0.41025641025641024 0.2425121356778859 0.4267399267399267 0.25463774246178017 0.44505494505494503 0.2632988901645618 0.45604395604395603 0.28235341511068146 0.45604395604395603 0.2979434809756884 0.44505494505494503 0.2684955787862308 0.4084249084249084
5 0.29447902189457575 0.38827838827838834 0.29621125143513205 0.4065934065934066 0.3152657763812517 0.42124542124542125 0.3447136785707092 0.41208791208791207 0.33605253086792763 0.3791208791208791 0.316998005921808 0.3772893772893773
5 0.3810904989223921 0.5128205128205128 0.3862871875440611 0.5274725274725275 0.401877253409068 0.5274725274725275 0.42093177835518764 0.5311355311355311 0.4469152214635326 0.5402930402930403 0.4763631236529902 0.5476190476190477 0.4850242713557718 0.5238095238095238 0.4503796805446452 0.5146520146520146 0.42093177835518764 0.510989010989011
5 0.3724293512196105 0.8772893772893773 0.41919954881463134 0.8846153846153846 0.427860696517413 0.8351648351648352 0.4105384011118497 0.8388278388278388 0.39494833524684275 0.8553113553113554
5 0.5889580437891515 0.36446886446886445 0.5941547324108205 0.39743589743589747 0.6184059459786091 0.4249084249084249 0.6443893890869539 0.4249084249084249 0.6322637823030597 0.39743589743589747 0.6582472254114046 0.39560439560439564 0.6824984389791932 0.44505494505494503 0.7258041774931013 0.467032967032967 0.7535198501420026 0.45787545787545786 0.739662013817552 0.4340659340659341 0.7310008661147704 0.4010989010989011 0.6876951276008622 0.3937728937728938 0.6582472254114046 0.3717948717948718 0.6374604709247287 0.3717948717948718 0.6080125687352711 0.36446886446886445 0.6322637823030597 0.3351648351648351 0.6201381755191654 0.3278388278388278
4 0.6530505367897355 0.43223443223443225 0.6513183072491793 0.4523809523809524 0.633996011843616 0.46336996336996333 0.6166737164380527 0.47252747252747246 0.6114770278163837 0.489010989010989 0.5993514210324894 0.5073260073260073 0.5837613551674825 0.5183150183150184 0.5733679779241445 0.5402930402930403 0.5854935847080388 0.5567765567765568 0.6080125687352711 0.5567765567765568 0.628799323221947 0.5402930402930403 0.633996011843616 0.5183150183150184 0.6374604709247287 0.4981684981684982 0.6617116844925173 0.4945054945054945 0.6790339798980806 0.4761904761904761 0.6859628980603059 0.4597069597069597
4 0.6045481096541584 0.6172161172161172 0.6062803391947148 0.6611721611721612 0.628799323221947 0.6483516483516483 0.6322637823030597 0.6208791208791209
4 0.6409249300058413 0.6391941391941391 0.6478538481680666 0.6630036630036629 0.691159586681975 0.6208791208791209 0.6824984389791932 0.6098901098901099
4 0.0502346566761335 0.9212454212454212 0.08141478840614741 0.9084249084249084 0.10393377243337967 0.8956043956043956 0.12991721554172458 0.891941391941392 0.14550728140673155 0.891941391941392 0.15243619956895685 0.8663003663003663 0.11952383829838663 0.8736263736263736 0.08141478840614741 0.891941391941392
4 0.8072189658992488 0.5293040293040293 0.7933611295747983 0.5622710622710623 0.8366668680887064 0.5659340659340659 0.8505247044131569 0.5457875457875457 0.855721393034826 0.5256410256410257
4 0.755252079682559 0.4267399267399267 0.7604487683042279 0.4743589743589743 0.7881644409531292 0.4945054945054945 0.8245412613048121 0.48717948717948717 0.7950933591153544 0.47069597069597063 0.7881644409531292 0.4267399267399267
4 0.5214010917074547 0.5073260073260073 0.5491167643563559 0.5073260073260073 0.5595101415996939 0.5256410256410257 0.5785646665458135 0.5054945054945055 0.5647068302213629 0.4945054945054945 0.5456523052752433 0.4761904761904761
4 0.4902209599774408 0.8553113553113554 0.523133321248011 0.86996336996337 0.5369911575724616 0.8333333333333335 0.5144721735452293 0.8205128205128205 0.512739944004673 0.782051282051282 0.4902209599774408 0.7912087912087913 0.48155981227465916 0.8333333333333335
4 0.15763288819062585 0.8296703296703298 0.17495518359618914 0.8424908424908425 0.17841964267730176 0.8663003663003663 0.21999315165065364 0.8827838827838828 0.23385098797510426 0.858974358974359 0.19574193808286505 0.8424908424908425 0.20267085624509038 0.8113553113553114
1 0.5733679779241445 0.989010989010989 0.6028158801136021 0.9322344322344323 0.6426571595463977 0.934065934065934 0.7240719479525449 0.924908424908425 0.7950933591153544 0.989010989010989 0.5941547324108205 0.9945054945054946
4 0.2442443652184422 0.1227106227106227 0.23385098797510426 0.14102564102564102 0.24944105384011123 0.17216117216117216 0.2615666606240055 0.15934065934065933 0.2615666606240055 0.12637362637362637
4 0.9388684109815297 0.17765567765567766 0.940600640522086 0.20146520146520147 0.9284750337381918 0.22527472527472528 0.940600640522086 0.22893772893772893 0.9994964449010013 0.18864468864468864 0.9994964449010013 0.15384615384615385 0.9839063790359943 0.16117216117216115 0.9821741494954379 0.1794871794871795 0.961387395008762 0.19230769230769235 0.961387395008762 0.16666666666666663
5 0.0017322295405563278 0.5256410256410257 0.02425121356778859 0.5494505494505495 0.012125606783894296 0.5769230769230769 -0.0017322295405563278 0.5677655677655677
5 0.01732229540556328 0.47985347985347987 0.03810904989223921 0.5036630036630036 0.05196688621668984 0.4981684981684982 0.03637682035168289 0.47069597069597063
4 0.2788889560295688 0.6172161172161172 0.2754244969484561 0.6575091575091575 0.3048723991379137 0.6556776556776556 0.3048723991379137 0.6318681318681318
4 0.11086269059560498 0.2692307692307692 0.09873708381171069 0.29120879120879123 0.12298829737949929 0.3131868131868132
