5 0.037444366059504165 0.5727819865856886 0.07072824700128565 0.6080357613381314 0.09153067258989907 0.6205451652825466 0.12342772515910633 0.636466224848166 0.1733535465717785 0.6353290063077646 0.2052505991409858 0.6421523175501729 0.24824227869078686 0.6421523175501729 0.2884603014954395 0.6273684765249549 0.30371541359375603 0.6148590725805396 0.3231310108097952 0.5989380130149203 0.34809392151613133 0.57391920512609 0.37583048896761595 0.5272932449696331 0.3869251159482097 0.4772556291919723 0.37583048896761595 0.43404132465671985 0.36473586198702207 0.39537589428307285 0.35780172012415096 0.36694543077303826 0.34115977965326016 0.33851496726300373 0.31619686894692406 0.31804503353577884 0.2829129880051426 0.282791258783336 0.2440817935730642 0.2577724508945055 0.20941108425870852 0.2338908615460765 0.194155972160392 0.22593033176326682 0.1567116061008878 0.20887205365724607 0.10401212794306712 0.1940882126320281 0.06518093351098873 0.19749986825323226 0.040218022804652614 0.20204874241483778
3 0.5006450424992965 0.44086463589912817 0.5394762369313748 0.33851496726300373 0.5977230285794924 0.1929509940916267 0.5824679164811759 0.19067655701082395 0.49093724389127685 0.4249435763335088
3 0.6642907904630553 0.564821456802879 0.741953179327212 0.535253774752443 0.8334838519171113 0.5466259601564568 0.9028252705458226 0.5568609270200692 0.9208540393892877 0.5579981455604706 0.9541379203310691 0.5477631786968581 0.9582984054487919 0.538665430373647 0.9166935542715648 0.5477631786968581 0.8778623598394867 0.5398026489140485 0.8376443370348341 0.5341165562120416 0.7447268360723607 0.5238815893484291 0.6573566486001842 0.5523120528584637
3 0.6046571704423637 0.5807425163684983 0.6698381039533523 0.6046241057169273 0.697574671404837 0.6421523175501729 0.7183770969934504 0.660347814196595 0.7405663509546379 0.6796805293834186 0.8307101951719629 0.8059117873679721 0.8445784788977051 0.8059117873679721 0.7585951197981029 0.675131655221813 0.7266980672288957 0.6478384102521798 0.6837063876790946 0.5978007944745188 0.6060439988149379 0.5716447680452871
0 0.7224115068045749 0.3831766408496761 0.7463658150581299 0.4131578569148035 0.7539303334539893 0.42349620728208875 0.7249330129365282 0.4400375678697452 0.7123254822767625 0.4576127634941302 0.7274545190684814 0.4793232992654293 0.7388012966622705 0.49379698977962877 0.7640163579818019 0.49172931970617173 0.7741023825096144 0.5134398554774708 0.8245325051486774 0.4958646598530858 0.8472260603362556 0.47415412408178675 0.8346185296764898 0.45864659853085876 0.8434438011383258 0.4400375678697452 0.8434438011383258 0.4276315474290029 0.8232717520827008 0.41109018684134635 0.8094034683569585 0.4172931970617176 0.7942744315652397 0.41005635180461786 0.7804061478394974 0.4038533415842467 0.775363135575591 0.412124021878075 0.7627556049158254 0.39248115618023294 0.7703201233116848 0.3904134861067758 0.7652771110477784 0.38007513573949053
0 0.6269851072408085 0.18976678217850282 0.5781687485261958 0.25231380190057884 0.5949493718343439 0.2685760270283186 0.6315616408703034 0.27107790781720165 0.6544443090177782 0.2723288482116432 0.6468167529686201 0.2798344905782923 0.6330871520801351 0.2798344905782923 0.6239340848211453 0.29859859649491516 0.5903728382048489 0.2998495368893566 0.6132555063523237 0.3173627024115379 0.6422402193391251 0.3286211659615116 0.6529187978079466 0.32737022556707013 0.6880055556340746 0.35238903345590056 0.7047861789422227 0.3473852718781344 0.6880055556340746 0.3148608216226549 0.6758014659554213 0.2998495368893566 0.681903510794748 0.28859107333938294 0.6986841341028961 0.2810854309727338 0.6788524883750846 0.2698269674227602 0.6849545332144111 0.2548156826894619 0.6849545332144111 0.23855345756172214 0.7002096453127278 0.24230627874504665 0.7322453807191924 0.23605157677283914 0.7383474255585191 0.25231380190057884 0.7459749816076774 0.2373025171672806 0.7536025376568357 0.25231380190057884 0.782587250643637 0.2648232058449941 0.7902148066927953 0.2247931132228654 0.7947913403222902 0.20602900730624257 0.8100464524206068 0.20102524572847652 0.8008933851616168 0.18476302060073674 0.8037918564602972 0.1559913915285817 0.7987576694678526 0.1353508750202966 0.7651964228515564 0.13397484058641096 0.7383474255585193 0.1559913915285817 0.7383474255585193 0.16699966699966712 0.7165326152579268 0.1780079424707525 0.6829713686416305 0.16699966699966712 0.6594784960102228 0.1780079424707525
3 0.038595433608740785 0.8522648150747324 0.25338741195303727 0.7394299914961071 0.246675162629778 0.7242936127233647 0.03188318428548151 0.8440086084714181
0 0.8647555801952406 0.656015105542669 0.9002858938727621 0.6240602044074234 0.9002858938727621 0.6146617040735277 0.9587389905680395 0.5996241035392945 0.9656485958234352 0.680135416799579 0.9503934837251186 0.6576184896996314 0.9351383716268021 0.6738807148273714 0.8954750801711792 0.6863901187717865 0.8710669008138727 0.6738807148273714
3 0.8308623579810019 0.8131868131868132 0.8576643695287762 0.8571428571428571 0.8643648724157198 0.8992673992673993 0.8710653753026634 0.9358974358974359 0.8688318743403488 0.9652014652014652 0.8889333830011794 0.9652014652014652 0.8844663810765505 0.9285714285714286 0.8755323772272924 0.8516483516483517 0.8554308685664619 0.8076923076923077
3 0.5874107530887192 0.1813186813186813 0.6030452598249209 0.184981684981685 0.672283789656671 0.049450549450549455 0.658882783882784 0.047619047619047616 0.6119792636741789 0.10805860805860806
