3 0.0 0.33789954337899547 0.44945205479452055 0.3904109589041096 0.32835616438356163 0.9885844748858448 0.34349315068493147 0.9954337899543378 0.4715753424657534 0.3881278538812785 0.5530821917808219 0.39954337899543385 0.551917808219178 0.3584474885844749 0.0011643835616438356 0.2876712328767123
3 0.5786986301369863 0.906392694063927 0.5856849315068493 0.4611872146118721 0.5915068493150685 0.18949771689497716 0.6182876712328766 0.05707762557077625 0.5973287671232876 0.045662100456620995 0.5693835616438356 0.20776255707762556 0.5542465753424657 0.9018264840182648
2 0.5472602739726027 0.04794520547945205 0.5577397260273972 0.1141552511415525 0.5391095890410958 1.0 0.5495890410958904 0.9748858447488584 0.5705479452054795 0.11187214611872145 0.5693835616438356 0.04794520547945205
2 0.581027397260274 0.9383561643835617 0.6147945205479451 0.8721461187214612 0.6427397260273974 0.8424657534246576 0.6765068493150684 0.8538812785388129 0.7102739726027397 0.8835616438356165 0.8173972602739725 0.9863013698630136 0.8220547945205479 0.9657534246575342 0.7172602739726027 0.8378995433789954 0.6834931506849314 0.8196347031963469 0.6567123287671233 0.8105022831050228 0.6357534246575343 0.8196347031963469 0.6078082191780821 0.8378995433789954 0.5938356164383561 0.8584474885844748 0.5693835616438356 0.9200913242009132
0 0.11294520547945205 0.45205479452054786 0.10363013698630136 0.5 0.07335616438356164 0.5639269406392694 0.07219178082191781 0.6073059360730594 0.11760273972602739 0.6187214611872146 0.15602739726027395 0.6278538812785388 0.2165753424657534 0.6095890410958904 0.2293835616438356 0.5662100456621004 0.2037671232876712 0.5159817351598174 0.16534246575342465 0.48630136986301375 0.13856164383561642 0.4726027397260274
1 0.13856164383561642 0.16666666666666663 0.11760273972602739 0.21689497716894976 0.10595890410958902 0.2534246575342466 0.09315068493150686 0.2785388127853881 0.02095890410958904 0.3470319634703196 0.00815068493150685 0.39954337899543385 0.00815068493150685 0.5 0.024452054794520547 0.502283105022831 0.05006849315068493 0.4703196347031963 0.08150684931506849 0.4474885844748858 0.11061643835616436 0.4223744292237443 0.14904109589041095 0.39954337899543385 0.18047945205479451 0.36757990867579904 0.18863013698630135 0.2899543378995434 0.17815068493150682 0.23972602739726023 0.16650684931506848 0.1872146118721461
4 0.15253424657534245 0.9246575342465754 0.17582191780821918 0.9315068493150684 0.2037671232876712 0.9178082191780823 0.21773972602739725 0.8835616438356165 0.22821917808219175 0.8401826484018264 0.2258904109589041 0.7351598173515981 0.20726027397260272 0.728310502283105 0.2037671232876712 0.7945205479452055 0.19561643835616438 0.8287671232876712 0.18164383561643835 0.8584474885844748 0.16184931506849312 0.8812785388127854 0.1408904109589041 0.9086757990867579
4 0.601986301369863 0.5068493150684932 0.622945205479452 0.5068493150684932 0.6182876712328766 0.547945205479452 0.6276027397260273 0.5844748858447488 0.6602054794520548 0.6255707762557078 0.6788356164383561 0.6415525114155252 0.6636986301369862 0.6712328767123288 0.6450684931506849 0.682648401826484 0.6439041095890411 0.7191780821917808 0.6310958904109588 0.7488584474885844 0.6241095890410958 0.7100456621004567 0.6031506849315068 0.6666666666666665 0.595 0.6506849315068493 0.6008219178082191 0.6073059360730594 0.5926712328767123 0.5730593607305936
4 0.3015753424657534 0.0547945205479452 0.3213698630136987 0.09132420091324199 0.3376712328767123 0.1187214611872146 0.3504794520547945 0.14840182648401826 0.35746575342465753 0.11187214611872145 0.3504794520547945 0.0821917808219178 0.3481506849315068 0.04337899543378995
4 0.39123287671232876 0.0684931506849315 0.4063698630136986 0.11643835616438356 0.42732876712328766 0.1506849315068493 0.445958904109589 0.19634703196347028 0.4680821917808219 0.1872146118721461 0.4552739726027397 0.13470319634703196 0.44130136986301366 0.1141552511415525 0.4296575342465754 0.0821917808219178 0.42034246575342465 0.05251141552511415
