0 0.1515552851057737 0.17399267399267399 0.1328703869420482 0.23076923076923075 0.25743637470021835 0.25274725274725274 0.3736979632745105 0.08058608058608058 0.2989583706196084 0.01098901098901099 0.26158857429215737 0.01282051282051282 0.2387514765364928 0.009157509157509158 0.18477288184128576 0.020146520146520144 0.062282993879085084 0.07142857142857142 0.05397859469520708 0.15018315018315018
5 0.7806135232845332 0.007326007326007325 0.8117550202240758 0.04212454212454213 0.8595053155313742 0.056776556776556776 0.8927229122668863 0.07142857142857142 0.9736908043096969 0.13736263736263737 0.9778430039016358 0.0586080586080586 0.9259405090023983 0.009157509157509158
0 0.7619286251208076 0.4084249084249084 0.7681569245087161 0.4688644688644688 0.7909940222643805 0.5311355311355311 0.8117550202240758 0.5421245421245421 0.8366682177757095 0.532967032967033 0.8595053155313742 0.5293040293040293 0.8387443175716792 0.6062271062271062 0.8615814153273437 0.63003663003663 0.8387443175716792 0.6336996336996337 0.8449726169595877 0.6630036630036629 0.8823424132870388 0.6593406593406592 0.9072556108386728 0.6776556776556777 0.9300927085943375 0.6428571428571429 0.9300927085943375 0.6062271062271062 0.9093317106346422 0.5915750915750916 0.9114078104306118 0.554945054945055 0.9363210079822458 0.5274725274725275 0.9134839102265812 0.5164835164835165 0.8968751118588253 0.48717948717948717 0.871961914307191 0.49633699633699635 0.8698858145112217 0.4761904761904761 0.8823424132870388 0.4597069597069597 0.8698858145112217 0.43040293040293043 0.8159072198160147 0.4157509157509158
0 0.17646848265740775 0.37362637362637363 0.17231628306546873 0.40476190476190477 0.15570748469771273 0.43223443223443225 0.1370225865339872 0.49633699633699635 0.11210938898235316 0.5054945054945055 0.1432508859218957 0.5384615384615384 0.20345778000501127 0.5128205128205128 0.23459927694455382 0.5476190476190477 0.17439238286143824 0.5970695970695971 0.1951533808211333 0.6428571428571429 0.16401188388159071 0.6501831501831502 0.12248988796220067 0.6501831501831502 0.1390986863299567 0.7087912087912087 0.1515552851057737 0.6941391941391941 0.17231628306546873 0.716117216117216 0.23044707735261483 0.7234432234432233 0.24290367612843183 0.7326007326007326 0.29688227082363894 0.7362637362637363 0.3051866700075169 0.717948717948718 0.38200236245838853 0.7234432234432233 0.36746966388660207 0.6941391941391941 0.39653506103017505 0.6794871794871795 0.4401331567455346 0.6611721611721612 0.5377098471561013 0.673992673992674 0.5543186455238572 0.6904761904761905 0.6249060385868204 0.6996336996336996 0.6560475355263629 0.5769230769230769 0.6581236353223325 0.5384615384615384 0.5875362422593693 0.47802197802197804 0.5127966496044672 0.4432234432234432 0.4505136557253821 0.4230769230769231 0.3612413644986935 0.3992673992673993 0.26989297347603536 0.37362637362637363 0.24290367612843183 0.37362637362637363 0.2076099795969503 0.358974358974359
0 0.3653935640906325 0.782051282051282 0.31971936857930344 0.8021978021978022 0.2885778716397609 0.8516483516483517 0.3882306618462971 0.9157509157509157 0.46297025450119916 0.9175824175824175 0.4546658553173211 0.8315018315018315 0.4193721587858396 0.8186813186813187 0.40899165980599206 0.8369963369963371 0.3903067616422666 0.7967032967032966
1 0.6207538389948813 0.01282051282051282 0.71002613022157 0.09340659340659341 0.7743852238966246 0.18315018315018314 0.8179833196119841 0.23626373626373623 0.8844185130830082 0.33150183150183143 0.9155600100225507 0.3937728937728938 0.9736908043096969 0.41208791208791207 0.9716147045137273 0.152014652014652 0.8906468124709167 0.0824175824175824 0.7930701220603501 0.049450549450549455 0.7598525253248379 0.009157509157509158
1 0.006228299387908509 0.15934065934065933 0.1390986863299567 0.17765567765567766 0.12041378816623116 0.23260073260073258 0.2781973726599134 0.26373626373626374 0.37577406307048 0.2948717948717949 0.35708916490675446 0.3278388278388278 0.3612413644986935 0.3937728937728938 0.19722948061710277 0.3498168498168498 0.16608798367756022 0.36996336996337 0.11418548877832264 0.35714285714285715 0.09757669041056664 0.3717948717948718 0.10588108959444466 0.3937728937728938 0.08719619143071912 0.4065934065934066 0.0726634928589326 0.45787545787545786 0.05813079428714609 0.47069597069597063 0.04359809571535956 0.5164835164835165 0.02283709775566453 0.5421245421245421 0.024913197551634035 0.5695970695970696 0.0 0.5915750915750916
3 0.02283709775566453 0.6428571428571429 0.35708916490675446 0.934065934065934 0.3903067616422666 0.9981684981684981 0.40899165980599206 0.9945054945054946 0.3695457636825715 0.9285714285714286 0.03944589612342055 0.6282051282051282
3 0.755700325732899 0.8205128205128205 0.9633103053298493 0.9047619047619048 0.9176361098185203 0.9945054945054946 0.9446254071661238 0.9926739926739927 0.9778430039016358 0.9084249084249084 0.9757669041056665 0.8846153846153846
1 0.48788345205283323 0.11355311355311355 0.47127465368507715 0.1794871794871795 0.4505136557253821 0.2344322344322344 0.46089415470522965 0.2619047619047619 0.42144825858180907 0.27106227106227104 0.37577406307048 0.3351648351648351 0.37577406307048 0.39743589743589747 0.5024161506246198 0.43040293040293043 0.4899595518488027 0.4010989010989011 0.5211010487883452 0.39560439560439564 0.5626230447077353 0.4139194139194139 0.5958406414432473 0.42857142857142855 0.6124494398110033 0.4688644688644688 0.6124494398110033 0.48534798534798534 0.730787128181265 0.4249084249084249 0.7079500304256005 0.3498168498168498 0.6788846332820274 0.24725274725274726 0.6062211404230948 0.16117216117216115 0.5335576475641622 0.08791208791208792
1 0.37577406307048 0.7673992673992674 0.42144825858180907 0.76007326007326 0.46919855388910764 0.7619047619047619 0.5148727494004367 0.772893772893773 0.5626230447077353 0.8186813186813187 0.5813079428714608 0.8608058608058609 0.6124494398110033 0.9175824175824175 0.5709274438916133 0.9102564102564102 0.5377098471561013 0.8608058608058609 0.5024161506246198 0.8717948717948718 0.48373125246089416 0.9212454212454212 0.47335075348104666 0.9102564102564102 0.46297025450119916 0.826007326007326 0.42352435837777863 0.8040293040293041
