1 0.22320343893094102 0.0 0.12079244930380337 0.20306513409961685 0.7483880011213906 0.425287356321839 0.9965377067563779 0.4367816091954023 0.9965377067563779 0.003831417624521072
1 0.05908326324642557 0.4406130268199234 0.00393888421642837 0.67816091954023 0.16674609849546773 0.7164750957854406 0.22976824595832165 0.632183908045977
4 0.3387440426128399 0.6704980842911877 0.3479347724511727 0.7394636015325671 0.3689421549387908 0.764367816091954 0.3768199233716475 0.7375478927203065 0.37025511634426694 0.7068965517241379
4 0.2901644706102233 0.7164750957854406 0.2717830109335576 0.7586206896551724 0.27572189514998596 0.78544061302682 0.29410335482665173 0.7835249042145594 0.3046070460704607 0.7490421455938697
4 0.8337304924773385 0.7796934865900382 0.7930286889075788 0.850574712643678 0.8114101485842444 0.8850574712643678 0.8206008784225773 0.9386973180076629 0.8455471451266238 0.9578544061302682 0.8613026819923371 0.9904214559386973 0.8836230258854313 0.9865900383141762 0.9033174469675731 0.9655172413793103 0.9361414821044762 0.9137931034482759 0.942706289131857 0.8486590038314177 0.945332211942809 0.8065134099616859 0.9006915241566209 0.7777777777777779
4 0.053831417624521066 0.8084291187739464 0.03938884216428371 0.8218390804597702 0.05120549481356883 0.9099616858237547 0.06302214746285394 0.9425287356321839 0.08271656854499579 0.9233716475095786 0.07877768432856742 0.8716475095785441
4 0.18644051957760957 0.3946360153256705 0.18381459676665732 0.45402298850574707 0.2428978600130829 0.4808429118773947 0.2534015512568919 0.5306513409961686 0.28097374077189047 0.5325670498084292 0.31248481450331744 0.5670498084291188 0.3374310812073638 0.5823754789272031 0.34399588823474436 0.5555555555555556 0.3518736566676012 0.5287356321839081 0.3531866180730773 0.4865900383141762 0.32955331277450706 0.4559386973180077 0.286225586393795 0.42145593869731796 0.2428978600130829 0.4042145593869732
4 0.5409400990561629 0.38122605363984674 0.5855807868423512 0.38697318007662834 0.5868937482478273 0.4559386973180077 0.5803289412204466 0.48275862068965514 0.5908326324642557 0.5153256704980843 0.5488178674890197 0.5172413793103449 0.5264975235959256 0.48275862068965514
4 0.57245117278759 0.7318007662835249 0.5606345201383048 0.7931034482758621 0.57245117278759 0.814176245210728 0.5882067096533035 0.8007662835249042 0.5947715166806841 0.7509578544061303
4 0.7982805345294832 0.4559386973180077 0.7720213064199606 0.48467432950191575 0.7772731520418652 0.5076628352490421 0.8074712643678161 0.49808429118773945 0.817974955611625 0.4731800766283525
