3 0.260989010989011 0.0 0.3708791208791209 0.08608058608058608 0.42582417582417587 0.152014652014652 0.44505494505494503 0.1575091575091575 0.5164835164835165 0.22527472527472528 0.5467032967032966 0.2765567765567766 0.5769230769230769 0.2692307692307692 0.5357142857142857 0.21062271062271062 0.47252747252747246 0.14652014652014653 0.4642857142857143 0.11355311355311355 0.4065934065934066 0.0641025641025641 0.3489010989010989 0.027472527472527472 0.3076923076923077 0.0
5 0.19780219780219782 0.47069597069597063 0.23901098901098902 0.49633699633699635 0.30494505494505497 0.5238095238095238 0.40384615384615385 0.5659340659340659 0.5576923076923077 0.6135531135531136 0.5467032967032966 0.6428571428571429 0.554945054945055 0.6721611721611722 0.5604395604395604 0.7014652014652014 0.5686813186813187 0.7435897435897436 0.6098901098901099 0.7490842490842491 0.6456043956043956 0.7509157509157509 0.7115384615384616 0.782051282051282 0.8049450549450551 0.7564102564102564 0.8434065934065934 0.7655677655677655 0.9615384615384616 0.7673992673992674 0.9862637362637363 0.782051282051282 0.9972527472527473 0.7710622710622711 0.9725274725274725 0.7527472527472527 0.8021978021978022 0.7417582417582418 0.717032967032967 0.7655677655677655 0.6620879120879121 0.7326007326007326 0.5961538461538461 0.7307692307692306 0.5796703296703297 0.6483516483516483 0.5851648351648352 0.6062271062271062 0.5576923076923077 0.5915750915750916 0.47527472527472525 0.5604395604395604 0.39285714285714285 0.5274725274725275 0.31868131868131866 0.5 0.260989010989011 0.4743589743589743 0.2032967032967033 0.4468864468864469
1 0.20604395604395603 0.7417582417582418 0.21978021978021978 0.7106227106227107 0.25 0.7014652014652014 0.38186813186813184 0.7252747252747253 0.41208791208791207 0.7527472527472527 0.4175824175824176 0.772893772893773 0.45604395604395603 0.772893772893773 0.5082417582417582 0.7747252747252747 0.532967032967033 0.7893772893772893 0.5714285714285714 0.7673992673992674 0.6895604395604396 0.7948717948717949 0.7060439560439561 0.8241758241758241 0.7967032967032966 0.8186813186813187 0.8708791208791209 0.86996336996337 0.20604395604395603 0.8663003663003663
4 0.6208791208791209 0.6098901098901099 0.6675824175824175 0.6428571428571429 0.6703296703296702 0.6648351648351648 0.6346153846153846 0.6868131868131868 0.6346153846153846 0.717948717948718 0.673076923076923 0.717948717948718 0.728021978021978 0.6941391941391941 0.815934065934066 0.684981684981685 0.8543956043956044 0.6703296703296702 0.8543956043956044 0.6520146520146519 0.8214285714285714 0.6190476190476191 0.7884615384615384 0.6245421245421245 0.7362637362637363 0.6117216117216118 0.7032967032967034 0.6098901098901099 0.6868131868131868 0.5567765567765568 0.7335164835164835 0.5146520146520146 0.7087912087912087 0.4743589743589743 0.7005494505494505 0.4523809523809524 0.6620879120879121 0.4340659340659341 0.6373626373626373 0.4468864468864469 0.6401098901098901 0.4688644688644688 0.6483516483516483 0.49633699633699635 0.6483516483516483 0.5238095238095238 0.6565934065934066 0.5402930402930403 0.6318681318681318 0.5457875457875457 0.6373626373626373 0.5695970695970696 0.6236263736263736 0.5915750915750916
1 0.20604395604395603 0.22893772893772893 0.27197802197802196 0.23260073260073258 0.2857142857142857 0.2692307692307692 0.28296703296703296 0.29853479853479853 0.29395604395604397 0.3443223443223443 0.30494505494505497 0.3717948717948718 0.34065934065934067 0.3772893772893773 0.39560439560439564 0.3864468864468865 0.45879120879120877 0.41025641025641024 0.5192307692307693 0.42857142857142855 0.5686813186813187 0.4230769230769231 0.5686813186813187 0.358974358974359 0.5604395604395604 0.31684981684981683 0.5467032967032966 0.29120879120879123 0.4972527472527473 0.22344322344322345 0.45054945054945056 0.17216117216117216 0.4010989010989011 0.14102564102564102 0.36813186813186816 0.09706959706959709 0.31868131868131866 0.06043956043956044 0.25824175824175827 0.049450549450549455 0.2554945054945055 0.07142857142857142 0.2087912087912088 0.07509157509157509 0.19505494505494508 0.09890109890109891
4 0.19505494505494508 0.31868131868131866 0.21703296703296704 0.3498168498168498 0.25 0.40476190476190477 0.21428571428571427 0.4340659340659341 0.25274725274725274 0.45604395604395603 0.2802197802197802 0.43223443223443225 0.31043956043956045 0.4468864468864469 0.33791208791208793 0.4358974358974359 0.30494505494505497 0.38827838827838834 0.25824175824175827 0.3516483516483517 0.26373626373626374 0.3076923076923077 0.23076923076923075 0.29304029304029305
4 0.23626373626373623 0.5183150183150184 0.2032967032967033 0.5531135531135531 0.21428571428571427 0.5842490842490843 0.260989010989011 0.63003663003663 0.3021978021978022 0.6575091575091575 0.33791208791208793 0.6575091575091575 0.37362637362637363 0.6465201465201466 0.35989010989010983 0.6190476190476191 0.32142857142857145 0.5915750915750916 0.2802197802197802 0.5622710622710623 0.27197802197802196 0.5238095238095238
4 0.44505494505494503 0.5915750915750916 0.4175824175824176 0.6575091575091575 0.4807692307692308 0.7106227106227107 0.532967032967033 0.716117216117216 0.5439560439560439 0.6813186813186813 0.5027472527472527 0.6758241758241759 0.47252747252747246 0.6666666666666665 0.5137362637362637 0.6263736263736264
4 0.38186813186813184 0.391941391941392 0.3434065934065934 0.4139194139194139 0.35714285714285715 0.43040293040293043 0.3324175824175824 0.4761904761904761 0.4230769230769231 0.4945054945054945 0.45054945054945056 0.46336996336996333 0.4368131868131868 0.43772893772893773 0.4148351648351649 0.4010989010989011
4 0.48626373626373626 0.45054945054945056 0.49175824175824173 0.4816849816849817 0.4615384615384615 0.5164835164835165 0.4972527472527473 0.532967032967033 0.532967032967033 0.5164835164835165 0.5741758241758241 0.467032967032967 0.521978021978022 0.44505494505494503
4 0.8598901098901099 0.6868131868131868 0.8406593406593408 0.7014652014652014 0.8818681318681318 0.7252747252747253 0.9093406593406592 0.7362637362637363 0.9423076923076923 0.7307692307692306 0.9093406593406592 0.6941391941391941
