0 0.2799626716437808 0.2509157509157509 0.24949054411792712 0.2600732600732601 0.27044013179195153 0.28205128205128205 0.24949054411792712 0.28205128205128205 0.2418725122364637 0.3205128205128205 0.23425448035500027 0.34798534798534797 0.22092292456243928 0.36996336996337 0.20378235282914656 0.3626373626373626 0.21711390862170757 0.3223443223443223 0.23044546441426855 0.2692307692307692 0.2190184165920734 0.2509157509157509 0.19997333688841487 0.26556776556776557 0.20187784485878071 0.28205128205128205 0.18473727312548804 0.3076923076923077 0.16950120936256116 0.3534798534798535 0.15616965357000018 0.3937728937728938 0.18473727312548804 0.3937728937728938 0.19616432094768319 0.3846153846153847 0.20949587674024414 0.3846153846153847 0.2190184165920734 0.4010989010989011 0.2761536557030491 0.38827838827838834 0.30091225931780524 0.4139194139194139 0.25329956005865883 0.4542124542124542 0.2685356238215857 0.4761904761904761 0.26472660788085395 0.4908424908424908 0.26472660788085395 0.521978021978022 0.27805816367341496 0.5622710622710623 0.3028167672881711 0.554945054945055 0.31233930714000036 0.5695970695970696 0.3332888948140248 0.5695970695970696 0.3561429904584151 0.5622710622710623 0.4189917534804883 0.5567765567765568 0.40566019768792727 0.5311355311355311 0.43232330927304924 0.5293040293040293 0.4570819128878054 0.510989010989011 0.5313577237320738 0.5164835164835165 0.5523073114060982 0.532967032967033 0.5999200106652446 0.532967032967033 0.6303921381910983 0.4816849816849817 0.6246786142800007 0.4468864468864469 0.620869598339269 0.41025641025641024 0.5980155026948787 0.3717948717948718 0.5351667396728055 0.34065934065934067 0.5199306759098786 0.3278388278388278 0.4837450244729274 0.304029304029304 0.43232330927304924 0.2967032967032967 0.37709257813243946 0.2765567765567766 0.3370979107547565 0.2673992673992674 0.3199573390214638 0.28205128205128205 0.2971032433770735 0.2692307692307692
0 0.251395052088293 0.1172161172161172 0.22663644847353684 0.1648351648351648 0.3104347991696345 0.17399267399267399 0.3485249585769516 0.11904761904761903
4 0.22092292456243928 0.772893772893773 0.20759136876987827 0.8205128205128205 0.15807416154036602 0.8479853479853481 0.1428380977774392 0.9194139194139194 0.12188851010341477 0.9395604395604396 0.09522539851829279 0.9285714285714286 0.06284876302207325 0.9542124542124543 0.11236597025158551 0.9835164835164835 0.13522006589597577 0.9743589743589743 0.24949054411792712 0.9945054945054946 0.2913897194659759 0.9926739926739927 0.31805283105109794 0.9285714285714286 0.3485249585769516 0.9084249084249084 0.37709257813243946 0.8406593406593408 0.30662578322890277 0.8186813186813187 0.2799626716437808 0.793040293040293 0.25901308396975636 0.7747252747252747
1 0.06284876302207325 0.12637362637362637 0.0685622869331708 0.14835164835164835 0.043803683318414686 0.184981684981685 0.024758603614756125 0.2344322344322344 0.038090159407317116 0.2454212454212454 0.0685622869331708 0.2454212454212454 0.0990344144590245 0.22893772893772893 0.1333155579256099 0.22893772893772893 0.1771192412440246 0.22893772893772893 0.19616432094768319 0.21428571428571427 0.22663644847353684 0.20695970695970695 0.25329956005865883 0.2032967032967033 0.31233930714000036 0.20695970695970695 0.30091225931780524 0.1813186813186813 0.21330489268097585 0.16666666666666663 0.23806349629573198 0.11904761904761903
1 0.594206486754147 0.3205128205128205 0.5446892795246348 0.29120879120879123 0.4608909288285371 0.28205128205128205 0.37709257813243946 0.26556776556776557 0.3656655303102443 0.1813186813186813 0.3675700382806102 0.11904761904761903 0.6361056621021959 0.1227106227106227 0.6646732816576837 0.19047619047619047 0.6989544251242691 0.21794871794871795 0.7065724570057325 0.24175824175824176 0.6703868055687814 0.24175824175824176 0.645628201954025 0.27472527472527475 0.6303921381910983 0.3131868131868132
5 0.4075647056582931 0.8351648351648352 0.4380368331841468 0.8772893772893773 0.46279543679890295 0.9029304029304029 0.4723179766507322 0.9413919413919413 0.4932675643247567 0.9413919413919413 0.514217151998781 0.9725274725274725 0.5370712476431714 0.9798534798534798 0.5465937874950006 0.9963369963369964 0.29519873540670766 0.9981684981684981 0.32567086293256137 0.9285714285714286 0.3561429904584151 0.9139194139194139 0.38661511798426873 0.8369963369963369
3 0.0 0.47252747252747246 0.1256975260441465 0.489010989010989 0.3847106100139029 0.7380952380952381 0.4247052773915858 0.8131868131868132 0.6380101700725617 0.9945054945054946 0.6418191860132932 0.9761904761904762 0.44565486506561025 0.8040293040293041 0.40375568971756143 0.7289377289377289 0.1371245738663416 0.47069597069597063 0.0038090159407317115 0.45604395604395603
1 0.5065991201173177 0.5769230769230769 0.6913363932428056 0.6483516483516483 0.6170605823985372 0.6721611721611722 0.6227741063096348 0.7216117216117216 0.5523073114060982 0.7564102564102564 0.4304188013026834 0.7710622710622711 0.41327822956939075 0.7234432234432233 0.3047212752585369 0.6245421245421245 0.32947987887329305 0.5769230769230769 0.41327822956939075 0.5622710622710623 0.4799360085321956 0.575091575091575
3 0.7103814729464643 0.6538461538461539 0.8665511265164644 0.7216117216117216 0.7484716323537813 0.9981684981684981 0.7675167120574399 0.9945054945054946 0.8817871902793912 0.727106227106227 0.8817871902793912 0.706959706959707 0.7179995048279276 0.6373626373626373
1 0.7218085207686593 0.29120879120879123 0.7218085207686593 0.3205128205128205 0.7294265526501228 0.3553113553113553 0.7446626164130496 0.41025641025641024 0.7560896642352446 0.4597069597069597 0.7732302359685375 0.4908424908424908 0.7960843316129277 0.5091575091575091 0.7846572837907327 0.532967032967033 0.765612204087074 0.5201465201465202 0.7503761403241472 0.5036630036630036 0.7370445845315863 0.4523809523809524 0.7275220446797569 0.4157509157509158 0.7103814729464643 0.35714285714285715 0.7020942896159532 0.2914067914067914
2 0.6684822975984155 0.2673992673992674 0.7389490925019522 0.5384615384615384 0.6018245186356105 0.8846153846153846 0.6513417258651227 0.9963369963369964 0.6684822975984155 0.9926739926739927 0.6246786142800007 0.8846153846153846 0.7618031881463422 0.5439560439560439 0.6951454091835374 0.25824175824175827
