5 0.293347877401361 0.9942427984605245 0.3083146058402059 0.9510637869144568 0.32627467996681986 0.9265956803716849 0.3502214454689717 0.9107633761381269 0.3651881739078167 0.8733415661315349 0.38314824803443065 0.8459948588190255 0.40110832216104453 0.8301625545854673 0.417571723443774 0.8503127599736322 0.4310417790387346 0.8733415661315349 0.4534918716970019 0.8949310719045687 0.46247190876030886 0.9193991784473405 0.4789353100430384 0.9409886842203743 0.4909086927941143 0.9424279846052431 0.4998887298574212 0.9654567907631458 0.5268288410473422 0.9740925930723594 0.5417955694861871 0.9899248973059177 0.4894120199502298 0.9956820988453932 0.4849220014185763 0.9769711938420973 0.4789353100430384 0.9654567907631458 0.46247190876030886 0.9525030872993256 0.44750518032146386 0.9438672849901121 0.42954510619485 0.9352314826808985 0.42206174197542756 0.9424279846052431 0.42797421816862413 0.9655043709411583 0.4391064955198311 0.9809679287951218 0.4650818093393141 0.9964314866490853 0.420552699934486 0.9976209910993903 0.4118942619946584 0.9892944599472561 0.40447274376052045 0.9690728842920728 0.3945773861150032 0.9595568486896336 0.3772605102353478 0.9583673442393288 0.3648913131784512 0.966693875391463 0.3562328752386235 0.9833469376957317 0.3488113570044855 1.0
2 0.6544633839033723 0.9967502098209002 0.6629117119252946 0.9959377622761254 0.6170229399761523 0.8898045115755612 0.6874118631888697 0.7058939887914952 0.7530824520390127 0.5349427839987985 0.7431708281335578 0.49465762715002787 0.6840325319801007 0.2647349719787384 0.6772738695625629 0.2663598670682881 0.7076878504414836 0.3792900757919957 0.74730731210607 0.5321041285686396 0.7409599582203282 0.5554104579727409 0.7092231887916188 0.636427698282236 0.6855648697629445 0.6946935217924891 0.6128588161626285 0.8911325839127716
3 0.7038321077356032 0.29015305380291795 0.7119750981749823 0.28952658640511514 0.7207695278495119 0.34904098919639087 0.7298896771416166 0.38412316347335357 0.7451984991676492 0.4323611531041771 0.7588787231058063 0.48874321890643846 0.7657188350748848 0.5009593331635951 0.7735361058966888 0.5062843060449197 0.787867769069996 0.5131754474207516 0.7927535633336237 0.5156813170119633 0.7898220867754472 0.5244518605812039 0.7666959939276103 0.5125489800229487 0.7543186484597542 0.495321126583369 0.7302153967591917 0.41482006596569576 0.6767973794768644 0.4151332996645972 0.6797288560350409 0.3531130272821098 0.685591809151394 0.35373949467991267 0.6846146502986683 0.4076156908909624 0.7266324809658649 0.4054230549986522 0.7129522570277078 0.34935422289529244
3 0.7113997172062875 0.6476747092667888 0.7130283152941632 0.6420365026865628 0.7524403890207584 0.6570717202338325 0.8850082733738511 0.7137670197349951 0.8846825537562759 0.7212846285086301 0.8801224791102237 0.7206581611108271 0.8227958264169944 0.85503541793955 0.7830580330728241 0.9483164396812608 0.7602576598425624 0.9996867663010989 0.7524403890207584 0.9990602989032957 0.8716537690532692 0.717776437289792
3 0.0 0.4641336919488819 0.1189528043384508 0.4730921757374634 0.14582467278840205 0.4848071160763779 0.2719433087135065 0.6064357613598115 0.4002116941146071 0.7315099773311612 0.44034035099986757 0.8066234183277294 0.4514473899591808 0.8183383586666437 0.572191652194295 0.9183399746963914 0.6402670522675049 0.98277214656042 0.6474328838541585 0.9879405025922939 0.6717967112487809 0.9886296167298773 0.6846952081047575 0.9986217717248336 0.6746630438834424 0.9996554429312084 0.6674972122967887 0.9927643015553762 0.645641425957495 0.9937979727617513 0.4894262973684452 0.85976527300182 0.4396237678412022 0.8177293106092453 0.42815843730255637 0.8005014571696654 0.39340415410728613 0.7357247282368449 0.29451567821146557 0.6392487489751979 0.17807091492834354 0.5241666879988046 0.1400920075190791 0.48867730991326996 0.12074426223511421 0.4804079402622717 0.072374899025202 0.47523958423039775 0.0 0.4693821140609406
4 0.28214036262012193 0.8014215711061251 0.28214036262012193 0.8898971087321088 0.23818371192205945 0.9537961081286528 0.2657843995696801 0.9764065232997376 0.2841848580014272 0.9891863231790464 0.3148522887210056 0.9370840621326336 0.32711926100883704 0.9184058930782593 0.34654196713123675 0.9095583393156608 0.37312040708820476 0.8476254629774722
4 0.13493669516614526 0.5831819116286981 0.17582660279224988 0.5792496655119878 0.1778710981735551 0.6067753883289605 0.2024050427492179 0.6313519265584004 0.24738394113793297 0.6460978494960643 0.27805137185751144 0.6726405107838596 0.3230302702462266 0.6923017413674115 0.3557421963471102 0.7355564486512258 0.39458760859190967 0.7837264635809282 0.34858646251254194 0.7640652329973763 0.31587453641165825 0.7227766487719172 0.3036075641238269 0.703115418188365 0.2760068764762062 0.7129460334801411 0.24533944575662775 0.6893525567798787 0.23716146423140685 0.6598607109045509 0.20853852889313362 0.6421656033793539 0.15947063974180803 0.6146398805623813
4 0.22591673963422806 0.7925740173435265 0.26373990418837484 0.8191166786313218 0.2545396749725013 0.9026769086114177 0.21364976734639668 0.9469146774244096 0.15947063974180803 0.945931615895232 0.15947063974180803 0.90169384708224 0.18093784124551296 0.8515577090941826 0.20853852889313362 0.8230489247480323
4 0.4692116900095506 0.9056260931989503 0.5019236161104343 0.8908801702612865 0.5356577899019707 0.9292195698992128 0.5714364590748122 0.9793557078872703 0.5438357714271915 0.9842710155331585 0.5121460930169605 0.9665759080079616 0.49476788227586593 0.9419993697785216 0.47841191922542414 0.9351179390742784
0 0.2412504549940173 0.1201599313860491 0.23409472115944902 0.14277034655713383 0.2402282073033647 0.1624315771406858 0.2892960964546903 0.1722621924324618 0.3107632979583952 0.16931300784492906 0.3291637563901423 0.15358402337808744 0.3496087102031946 0.12605830056111467 0.35165320558449975 0.1201599313860491
0 0.21262751965574408 0.2587716070000905 0.2024050427492179 0.2666360992335113 0.20853852889313362 0.28334814522953045 0.18400458431747083 0.30104325275472726 0.18400458431747083 0.32660285251334487 0.16969311664833422 0.35806082144702794 0.1553816489791976 0.38853572885153353 0.17684885048290253 0.3964002210849543 0.20036054736791267 0.38165429814729035 0.21262751965574408 0.38656960579317834 0.21978325349031239 0.40524777484755276 0.23818371192205945 0.40524777484755276 0.28214036262012193 0.387552667322356 0.30258531643317427 0.4199936977852168 0.26067316111641703 0.44751942060218947 0.2545396749725013 0.4602992204814982 0.2668066472603327 0.47799432800669506 0.2729401334042484 0.4996216816486022 0.27191788571359576 0.517316789173799 0.2698733903322905 0.5310796505822853 0.25658417035380654 0.5133845430570886 0.23409472115944902 0.4996216816486022 0.21978325349031239 0.4937233124735366 0.22080550118096498 0.47504514341916226 0.207516281202481 0.4622653435398534 0.17684885048290253 0.4544008513064327 0.1420924290007136 0.4367057437812359 0.11551398904374559 0.4661975896565637 0.10018027368395634 0.4652145281273862 0.08995779677743018 0.43572268225205835 0.08177981525220926 0.4327734976645255 0.0787130721802514 0.44653635907301187 0.05622362298589386 0.4622653435398534 0.04906788915132555 0.4308073746061703 0.0388454122447994 0.4308073746061703 0.03680091686349417 0.44751942060218947 0.0 0.4544008513064327 0.0 0.5694190502202118 0.05111238453263079 0.5566392503409029 0.08177981525220926 0.5399272043448837 0.11551398904374559 0.5546731272825477 0.12266972287831387 0.5448425119907717 0.15435940128854497 0.5389441428157061 0.16253738281376587 0.527147404465575 0.17275985972029206 0.5300965890531077 0.17275985972029206 0.5389441428157061 0.20956077658378622 0.5595884349284358 0.23716146423140685 0.5379610812865285 0.27089563802294314 0.5556561888117253 0.30156306874252164 0.5546731272825477 0.3107632979583952 0.5654868041035014 0.3332527471527527 0.5654868041035014 0.33938623329666845 0.5694190502202118 0.35165320558449975 0.5625376195159686 0.37312040708820476 0.5546731272825477 0.4180993054769198 0.5586053733992582 0.4048100854984358 0.5330457736406405 0.42525503931148817 0.5310796505822853 0.43241077314605647 0.5153506661154438 0.46512269924694016 0.507486173882023 0.4876121484412977 0.5065031123528454 0.41707705778626725 0.38558654426400074 0.43752201159931947 0.3737898059138695 0.5131683407076131 0.507486173882023 0.534635542211318 0.5143676045862662 0.45183347926845613 0.3619930675637384 0.47330068077216114 0.35412857533031755 0.5571249914056755 0.502570866236135 0.539746780664581 0.517316789173799 0.547924762189802 0.5340288351698181 0.5734809544561175 0.5379610812865285 0.5888146698159067 0.5310796505822853 0.6031261374850433 0.5359949582281733 0.6235710912980955 0.4996216816486022 0.6297045774420112 0.47111289730245176 0.6205043482261378 0.4426041129563015 0.6225488436074429 0.40819695943508555 0.6031261374850433 0.38165429814729035 0.539746780664581 0.3462640830968968 0.5182795791608762 0.3226706063966345 0.4957901299665186 0.3226706063966345 0.48556765305999244 0.31480611416321364 0.46103370848432973 0.31283999110485844 0.45081123157780356 0.29907712969637207 0.42525503931148817 0.2951448835796616 0.3291637563901423 0.2666360992335113 0.31178554564904776 0.27450059146693206 0.29031834414534285 0.2617207915876233 0.28214036262012193 0.2577885454709129 0.2555619226631539 0.2627038531168009 0.2698733903322905 0.27351752993775447 0.2545396749725013 0.2813820221711753 0.2504506842098908 0.30202631428390486 0.24329495037532253 0.32070448333827917 0.24329495037532253 0.3403657139218312 0.2351169688501016 0.35117939074278476 0.2289834827061859 0.37673899050140236 0.20444953813052316 0.3747728674430471 0.20956077658378622 0.3354504062759432 0.22489449194357544 0.30694162192979285 0.22693898732488066 0.27744977605446486 0.22693898732488066 0.2617207915876233
