0 0.006928918162225311 0.3717948717948718 0.041573508973351866 0.39743589743589747 0.06755695208169679 0.4230769230769231 0.0935403951900417 0.45787545787545786 0.11779160875783029 0.4615384615384615 0.14204282232561888 0.489010989010989 0.1489717404878442 0.5183150183150184 0.19400970854230873 0.5512820512820513 0.15936511773118217 0.5622710622710623 0.11605937921727398 0.6190476190476191 0.10220154289282334 0.6520146520146519 0.0935403951900417 0.6703296703296702 0.05196688621668984 0.6703296703296702 0.0017322295405563278 0.6630036630036629
0 0.005196688621668983 0.7509157509157509 0.17668741313674544 0.73992673992674 0.18534856083952708 0.8717948717948718 0.13338167462283726 0.8479853479853481 0.06928918162225312 0.8443223443223444 0.05543134529780249 0.8113553113553114 0.031180131730013903 0.7783882783882784
4 0.010393377243337967 0.7637362637362637 0.00866114770278164 0.7948717948717949 0.019054524946119606 0.8095238095238095 0.03637682035168289 0.8315018315018315 0.05716357483835882 0.8333333333333335
4 0.8730436884403894 0.9560439560439561 0.8903659838459526 0.9322344322344323 0.9198138860354103 0.9322344322344323 0.9631196245493183 0.9267399267399267 0.9821741494954379 0.9377289377289376 0.9232783451165227 0.9432234432234432 0.9059560497109593 0.9597069597069597
1 0.5387233871130179 0.27472527472527475 0.6149414868974964 0.25457875457875456 0.7102141116280944 0.25274725274725274 0.7743066046286785 0.29304029304029305 0.7795032932503474 0.3278388278388278 0.8314701794670374 0.34615384615384615 0.8695792293592766 0.3424908424908425 0.8920982133865089 0.2948717948717949 0.925010574657079 0.2875457875457875 0.9891030676576632 0.3076923076923077 0.9994964449010013 0.3205128205128205 0.9960319858198885 0.673992673992674 0.9544584768465366 0.6721611721611722 0.9163494269542974 0.6538461538461539 0.866114770278164 0.6172161172161172 0.8262734908453683 0.6098901098901099 0.7985578181964671 0.6282051282051282 0.7795032932503474 0.6593406593406592 0.744858702439221 0.6868131868131868 0.7015529639253127 0.6721611721611722 0.639192700465285 0.641025641025641 0.6149414868974964 0.6062271062271062 0.5924225028702641 0.5347985347985348 0.5681712893024755 0.4468864468864469 0.5525812234374686 0.3663003663003663
1 0.012125606783894296 0.11172161172161173 0.1368461337039499 0.054945054945054944 0.20786754486675935 0.12637362637362637 0.316998005921808 0.1043956043956044 0.3516425967329346 0.1684981684981685 0.3031401695973574 0.21794871794871795 0.327391383165146 0.22344322344322345 0.401877253409068 0.1813186813186813 0.4365218442201947 0.21794871794871795 0.433057385139082 0.29120879120879123 0.38801941708461746 0.34615384615384615 0.3741615807601668 0.37545787545787546 0.39494833524684275 0.40293040293040294 0.40707394203073705 0.4468864468864469 0.48155981227465916 0.4743589743589743 0.5248655507885673 0.49633699633699635 0.5647068302213629 0.532967032967033 0.5941547324108205 0.6227106227106227 0.5681712893024755 0.7124542124542124 0.512739944004673 0.7454212454212454 0.4573085987068706 0.7692307692307694 0.39494833524684275 0.772893772893773 0.3447136785707092 0.7527472527472527 0.3048723991379137 0.7234432234432233 0.2563699720023365 0.6923076923076923 0.21999315165065364 0.6208791208791209 0.20613531532620302 0.5586080586080586 0.19747416762342138 0.521978021978022 0.15416842910951317 0.48534798534798534 0.1316494450822809 0.4468864468864469 0.09180816564948538 0.43772893772893773 0.05369911575724617 0.3864468864468865 0.0034644590811126557 0.3608058608058608
1 0.5317944689507926 0.007326007326007325 0.5300622394102363 0.1043956043956044 0.7067496525469817 0.1227106227106227 0.7102141116280944 0.23260073260073258 0.8158801136020304 0.22527472527472528 0.8539891634942697 0.22527472527472528 0.860918081656495 0.195970695970696 0.8938304429270651 0.17582417582417584 0.9960319858198885 0.13553113553113552 0.9977642153604449 0.04029304029304029 0.9007593610892904 0.07509157509157509 0.8626503111970513 -0.0018315018315018313
1 0.3412492194895966 0.06043956043956044 0.523133321248011 0.09340659340659341 0.5144721735452293 0.15934065934065933 0.4659697464096522 0.15384615384615385 0.4780953531935465 0.195970695970696 0.517936632626342 0.2087912087912088 0.5248655507885673 0.3021978021978022 0.5317944689507926 0.42857142857142855 0.3984127943279554 0.39743589743589747 0.3810904989223921 0.3717948717948718 0.4434507623824199 0.2967032967032967 0.44864745100408887 0.21794871794871795 0.40880617157129334 0.17582417582417584 0.3603037444357162 0.18864468864468864 0.3447136785707092 0.13736263736263737
1 0.9960319858198885 0.7362637362637363 0.9908352971982195 0.8608058608058609 0.9371361814409734 0.8241758241758241 0.9128849678731847 0.8516483516483517 0.8435957862509317 0.8681318681318682 0.8106834249803615 0.8846153846153846 0.7846999818720165 0.9175824175824175 0.7258041774931013 0.9065934065934066 0.6478538481680666 0.7875457875457876 0.6565149958708483 0.7673992673992674 0.6322637823030597 0.7362637362637363 0.6097447982758274 0.7106227106227107 0.633996011843616 0.6501831501831502 0.7465909319797774 0.7032967032967034 0.8158801136020304 0.6336996336996337 0.8349346385481501 0.6208791208791209 0.871311458899833 0.6245421245421245 0.961387395008762 0.6831501831501832 0.9371361814409734 0.6978021978021978
1 0.3793582693818358 0.772893772893773 0.3776260398412795 0.8076923076923077 0.4850242713557718 0.8443223443223444 0.5993514210324894 0.782051282051282 0.6322637823030597 0.76007326007326 0.5802968960863698 0.6996336996336996 0.5629746006808065 0.7344322344322345 0.5196688621668983 0.7582417582417582 0.48675650089632816 0.7673992673992674 0.4469152214635326 0.7747252747252747
1 0.005196688621668983 0.6666666666666665 0.006928918162225311 0.73992673992674 0.14204282232561888 0.7307692307692306 0.14723951094728788 0.7124542124542124 0.16456180635285114 0.7087912087912087 0.17841964267730176 0.684981684981685 0.20959977440731567 0.6813186813186813 0.21306423348842832 0.7087912087912087 0.1922774790017524 0.7326007326007326 0.18361633129897076 0.7673992673992674 0.2286542993534353 0.8058608058608059 0.28235341511068146 0.8186813186813187 0.36376820351682887 0.8076923076923077 0.35857151489515987 0.7619047619047619 0.30660462867847005 0.7344322344322345 0.25463774246178017 0.7087912087912087 0.1922774790017524 0.5622710622710623 0.1559006586500695 0.5842490842490843 0.1368461337039499 0.6062271062271062 0.12298829737949929 0.6391941391941391 0.11086269059560498 0.673992673992674
