3 0.0038090159407317115 0.152014652014652 0.6837183613613422 0.19230769230769235 0.6837183613613422 0.17399267399267399 0.0019045079703658558 0.13186813186813187
3 0.5237396918506103 0.40476190476190477 0.6132515664578055 0.19047619047619047 0.6303921381910983 0.19780219780219782 0.5370712476431714 0.4102564102564103
5 0.4208962614508541 0.0 0.43422781724341514 0.018315018315018316 0.4570819128878054 0.018315018315018316 0.5008855962062201 0.045787545787545784 0.5389757556135372 0.05128205128205128 0.567543375169025 0.06043956043956044 0.5846839469023177 0.0586080586080586 0.5744922556014409 0.040095040095040134 0.567543375169025 0.027472527472527472 0.5427847715542689 0.0036630036630036626
5 0.2932942274363418 0.0018315018315018313 0.3085302911992686 0.027472527472527472 0.3504294665473175 0.0036630036630036626
0 0.1161749861923172 0.0036630036630036626 0.11046146228121964 0.020146520146520144 0.0685622869331708 0.0036630036630036626 0.03999466737768297 0.005494505494505495 0.06475327099243909 0.0347985347985348 0.0685622869331708 0.13003663003663005 0.0038090159407317115 0.12454212454212454 0.0038090159407317115 -0.0018315018315018313
3 0.6894318852724397 0.5018315018315018 0.7046679490353667 0.4157509157509158 0.7065724570057325 0.3498168498168498 0.714190488887196 0.20695970695970695 0.7160949968575617 0.11904761904761903 0.7675167120574399 0.0018315018315018313 0.7465671243834154 -0.0018315018315018313 0.6989544251242691 0.1172161172161172 0.6875273773020738 0.4249084249084249 0.6703868055687814 0.5054945054945054
2 0.6494372178947568 0.0018315018315018313 0.6837183613613422 0.09340659340659341 0.6684822975984155 0.4615384615384615 0.6894318852724397 0.4432234432234432 0.7046679490353667 0.09157509157509157 0.674195821509513 0.0
2 0.714190488887196 0.37362637362637363 0.7408536004723179 0.35714285714285715 0.765612204087074 0.3443223443223443 0.805606871464757 0.36813186813186816 0.832269983049879 0.3791208791208791 0.858933094635001 0.391941391941392 0.8817871902793912 0.4065934065934066 0.8798826823090253 0.3791208791208791 0.7732302359685375 0.3296703296703296 0.7446626164130496 0.33333333333333326 0.7237130287390252 0.3424908424908425 0.714190488887196 0.3498168498168498
4 0.6056335345763422 0.0036630036630036626 0.6227741063096348 0.031135531135531136 0.6303921381910983 0.06043956043956044 0.63420115413183 0.08058608058608058 0.6132515664578055 0.08058608058608058 0.5903974708134153 0.0586080586080586 0.5770659150208544 0.027472527472527472 0.5542118193764639 0.0018315018315018313
4 0.3847106100139029 0.36446886446886445 0.41137372159902486 0.3516483516483517 0.43232330927304924 0.3223443223443223 0.44565486506561025 0.2948717948717949 0.46279543679890295 0.3131868131868132 0.4570819128878054 0.3498168498168498 0.4228007694212199 0.37545787545787546
