0 0.09835555499940828 0.15323932266081036 0.19856687518748464 0.15323932266081036 0.19856687518748464 0.18901621794183787 0.09278825943340402 0.1945203556773806
0 0.10577861575408061 0.22754518209063673 0.09464402462207212 0.2605700085038929 0.1911438144328123 0.2591939740700072 0.1929995796214804 0.22479311322286538
0 0.6298559838598902 0.15384615384615385 0.6273859603937729 0.19963369963369965 0.7385370163690478 0.2014652014652015 0.7410070398351649 0.15567765567765568
0 0.37050351991758246 0.15018315018315018 0.37297354338369965 0.19413919413919417 0.45942436469780223 0.195970695970696 0.45942436469780223 0.152014652014652
5 0.14326136103479856 0.5622710622710623 0.14079133756868134 0.6263736263736264 0.15561147836538464 0.6703296703296702 0.14079133756868134 0.7197802197802197 0.13091124370421248 0.8058608058608059 0.13091124370421248 0.8479853479853481 0.1358512906364469 0.8882783882783882 0.1778416895604396 0.8864468864468864 0.17290164262820515 0.8131868131868132 0.182781736492674 0.783882783882784 0.1778416895604396 0.7619047619047619 0.19266183035714288 0.6941391941391941 0.19513185382326012 0.6648351648351648 0.18525175995879123 0.6263736263736264 0.182781736492674 0.5622710622710623
5 0.37452715625846705 0.7176636286328244 0.3795883340457437 0.732674913366123 0.40152010445727554 0.7264202113939152 0.43020011191850954 0.732674913366123 0.4622542379045946 0.732674913366123 0.46394129716702004 0.7126598670550586 0.4234518748688074 0.718914569027266 0.40320716371970117 0.7101579862661754
4 0.3795883340457437 0.41618699357241806 0.37621421552089257 0.44245674185569 0.460567178642169 0.4437076822501316 0.4622542379045946 0.4174379339668596
4 0.664701349395658 0.41618699357241806 0.664701349395658 0.44245674185569 0.7406190162048066 0.4412058014612485 0.7406190162048066 0.41618699357241806
4 0.10628473353280823 0.46747554974452044 0.10628473353280823 0.4924943576333508 0.18557651886680804 0.49124341723890935 0.18051534107953146 0.46247178816675427
5 0.6736427634865134 0.7452093361184269 0.665477396656374 0.7694275421548149 0.681808130316653 0.7860775588048315 0.7226349644673509 0.7921321103139285 0.7389656981276299 0.7724548179093634 0.7389656981276299 0.7512638876275239 0.7144695976372113 0.7452093361184269
5 0.4103096832145128 0.78910483455938 0.3980616329693034 0.8299730572457845 0.40622699979944293 0.8572185390367209 0.4021443163843732 0.8950594859685769 0.45113651736521054 0.902627675354948 0.4409298088275361 0.8496503496503497 0.4450124922426058 0.7860775588048315
